[gd_scene load_steps=7 format=3 uid="uid://cbghrmmreds0r"]

[ext_resource type="PackedScene" uid="uid://cogvfxjwoixss" path="res://player/cam/player_cam.blend" id="1_tj4hb"]
[ext_resource type="Script" path="res://player/cam/handheld_cam.gd" id="2_fwxil"]
[ext_resource type="AudioStream" uid="uid://b80uhcgplgc38" path="res://player/cam/sounds/camera-shutter.wav" id="2_niyvt"]
[ext_resource type="Texture2D" uid="uid://4cp4keildw7t" path="res://player/cam/black2.png" id="4_27h8v"]
[ext_resource type="Texture2D" uid="uid://cr084m836tl3m" path="res://player/starred.png" id="5_280qy"]

[sub_resource type="ViewportTexture" id="ViewportTexture_iibmc"]
viewport_path = NodePath("SubViewport")

[node name="player_cam" instance=ExtResource("1_tj4hb")]
transform = Transform3D(-2.4611e-09, 0, -0.0563033, 0, 0.0563033, 0, 0.0563033, 0, -2.4611e-09, -0.195, -0.17, -0.394)
script = ExtResource("2_fwxil")
flash_brightness = 4.0
default_pos = Vector3(-0.195, -0.17, -0.394)

[node name="CameraFLash" type="SpotLight3D" parent="." index="8"]
transform = Transform3D(-4.37114e-08, 0, 1, 0, 1, 0, -1, 0, -4.37114e-08, -0.576685, 0.993742, -3.29924)
light_energy = 0.0
shadow_enabled = true
spot_range = 320.767

[node name="AudioStreamPlayer3D" type="AudioStreamPlayer3D" parent="." index="9"]
transform = Transform3D(-1.55271e-06, -7.76356e-07, -17.7609, -7.76356e-07, 17.7609, -7.76356e-07, 17.7609, 7.76356e-07, -1.55271e-06, -0.254168, -0.600487, -2.97363)
stream = ExtResource("2_niyvt")
attenuation_model = 1
max_db = -2.51
pitch_scale = 1.05

[node name="sprites" type="Node3D" parent="." index="10"]
transform = Transform3D(1, 0, -3.55271e-15, 0, 1, 0, 3.55271e-15, 0, 1, 0, 0, 0)

[node name="Sprite3D" type="Sprite3D" parent="sprites" index="0"]
transform = Transform3D(-6.61685e-09, -3.30844e-09, -0.1164, -3.30844e-09, 0.0756882, -5.08795e-09, 0.0756882, 3.30844e-09, -1.01759e-08, 0.166846, -0.600487, -2.97363)
double_sided = false
texture = SubResource("ViewportTexture_iibmc")

[node name="spriteScreen" type="Sprite3D" parent="sprites" index="1"]
transform = Transform3D(-2.93099e-14, -7.495e-09, 0.263694, 7.72326e-09, 0.171466, 1.15265e-08, -0.176688, 7.495e-09, -6.92779e-14, 0.529003, -0.6, -2.974)
double_sided = false
texture = ExtResource("4_27h8v")

[node name="starred" type="Sprite3D" parent="sprites" index="2"]
transform = Transform3D(-1.29674e-13, -2.58298e-08, 0.908761, 2.66165e-08, 0.590917, 3.97235e-08, -0.608914, 2.58298e-08, -2.98428e-13, 0.528, 0.218899, -4.32615)
visible = false
double_sided = false
render_priority = 1
texture = ExtResource("5_280qy")

[node name="SubViewport" type="SubViewport" parent="." index="11"]
size = Vector2i(1775, 1175)

[node name="ROOT" type="Node3D" parent="SubViewport" index="0"]
transform = Transform3D(1, 0, 0, 0, 1, 0, 0, 0, 1, -1.837, -0.611, -3.255)

[node name="handheld_viewport_cam" type="Camera3D" parent="SubViewport/ROOT" index="0"]
transform = Transform3D(1, 0, 1.06581e-14, 0, 1, 0, -1.06581e-14, 0, 1, -1.837, -0.611, -3.255)
fov = 60.0

[node name="camera_lens_loc" type="Node3D" parent="." index="12"]
transform = Transform3D(-4.37114e-08, 0, 1, 0, 1, 0, -1, 0, -4.37114e-08, -1.83668, -0.61124, -3.25501)

[node name="timers" type="Node3D" parent="." index="13"]

[node name="cam_cooldown" type="Timer" parent="timers" index="0"]
one_shot = true

[node name="cam_preview_image_cooldown" type="Timer" parent="timers" index="1"]
wait_time = 4.0
one_shot = true

[node name="raycasts" type="Node3D" parent="." index="14"]
transform = Transform3D(1, 0, -2.13163e-14, 0, 1, 0, 2.13163e-14, 0, 1, -1.837, -0.611, -3.255)

[node name="U1" type="Node3D" parent="raycasts" index="0"]
transform = Transform3D(0.999048, 0.0436194, 0, -0.0436194, 0.999048, 0, 0, 0, 1, 0, 0, 0)

[node name="RayCast3D_C" type="RayCast3D" parent="raycasts/U1" index="0"]
transform = Transform3D(-4.84288e-08, 1, -1.42109e-14, -1, -4.84288e-08, 0, -4.44089e-16, 2.13163e-14, 1, 0, 0, 0)
enabled = false
target_position = Vector3(0, -1000, 0)
collision_mask = 17
debug_shape_thickness = 4

[node name="RayCast3D_R1" type="RayCast3D" parent="raycasts/U1" index="1"]
transform = Transform3D(-4.47035e-08, 0.996195, -0.0871557, -1, -4.47035e-08, 4.65661e-10, -3.8097e-09, 0.0871557, 0.996195, 0, 0, 0)
enabled = false
target_position = Vector3(0, -1000, 0)
collision_mask = 17
debug_shape_thickness = 4

[node name="RayCast3D_R2" type="RayCast3D" parent="raycasts/U1" index="2"]
transform = Transform3D(-4.09782e-08, 0.984808, -0.173648, -1, -4.84288e-08, -9.31323e-10, -7.5904e-09, 0.173648, 0.984808, 0, 0, 0)
enabled = false
target_position = Vector3(0, -1000, 0)
collision_mask = 17
debug_shape_thickness = 4

[node name="RayCast3D_R3" type="RayCast3D" parent="raycasts/U1" index="3"]
transform = Transform3D(-4.09782e-08, 0.965926, -0.258819, -1, -5.21541e-08, 0, -1.13133e-08, 0.258819, 0.965926, 0, 0, 0)
enabled = false
target_position = Vector3(0, -1000, 0)
collision_mask = 17
debug_shape_thickness = 4

[node name="RayCast3D_R4" type="RayCast3D" parent="raycasts/U1" index="4"]
transform = Transform3D(-4.09782e-08, 0.939692, -0.34202, -1, -4.47035e-08, 2.79397e-09, -1.49502e-08, 0.34202, 0.939692, 0, 0, 0)
enabled = false
target_position = Vector3(0, -1000, 0)
collision_mask = 17
debug_shape_thickness = 4

[node name="RayCast3D_R5" type="RayCast3D" parent="raycasts/U1" index="5"]
transform = Transform3D(-4.09782e-08, 0.906308, -0.422618, -1, -5.21541e-08, 3.72529e-09, -1.84732e-08, 0.422618, 0.906308, 0, 0, 0)
enabled = false
target_position = Vector3(0, -1000, 0)
collision_mask = 17
debug_shape_thickness = 4

[node name="RayCast3D_R6" type="RayCast3D" parent="raycasts/U1" index="6"]
transform = Transform3D(-3.72529e-08, 0.866025, -0.5, -1, -4.47035e-08, 0, -2.18557e-08, 0.5, 0.866025, 0, 0, 0)
enabled = false
target_position = Vector3(0, -1000, 0)
collision_mask = 17
debug_shape_thickness = 4

[node name="RayCast3D6_L1" type="RayCast3D" parent="raycasts/U1" index="7"]
transform = Transform3D(-4.47035e-08, 0.996195, 0.0871557, -1, -4.47035e-08, 0, 3.8097e-09, -0.0871557, 0.996195, 0, 0, 0)
enabled = false
target_position = Vector3(0, -1000, 0)
collision_mask = 17
debug_shape_thickness = 4

[node name="RayCast3D6_L2" type="RayCast3D" parent="raycasts/U1" index="8"]
transform = Transform3D(-4.09782e-08, 0.984808, 0.173648, -1, -4.84288e-08, -4.65661e-10, 7.5904e-09, -0.173648, 0.984808, 0, 0, 0)
enabled = false
target_position = Vector3(0, -1000, 0)
collision_mask = 17
debug_shape_thickness = 4

[node name="RayCast3D6_L3" type="RayCast3D" parent="raycasts/U1" index="9"]
transform = Transform3D(-4.09782e-08, 0.965926, 0.258819, -1, -5.21541e-08, -1.86265e-09, 1.13133e-08, -0.258819, 0.965926, 0, 0, 0)
enabled = false
target_position = Vector3(0, -1000, 0)
collision_mask = 17
debug_shape_thickness = 4

[node name="RayCast3D6_L4" type="RayCast3D" parent="raycasts/U1" index="10"]
transform = Transform3D(-4.09782e-08, 0.939692, 0.34202, -1, -4.47035e-08, 0, 1.49502e-08, -0.34202, 0.939692, 0, 0, 0)
enabled = false
target_position = Vector3(0, -1000, 0)
collision_mask = 17
debug_shape_thickness = 4

[node name="RayCast3D6_L5" type="RayCast3D" parent="raycasts/U1" index="11"]
transform = Transform3D(-4.09782e-08, 0.906307, 0.422618, -1, -4.84288e-08, 0, 1.84732e-08, -0.422618, 0.906307, 0, 0, 0)
enabled = false
target_position = Vector3(0, -1000, 0)
collision_mask = 17
debug_shape_thickness = 4

[node name="RayCast3D6_L6" type="RayCast3D" parent="raycasts/U1" index="12"]
transform = Transform3D(-3.72529e-08, 0.866025, 0.5, -1, -4.84288e-08, 0, 2.18557e-08, -0.5, 0.866025, 0, 0, 0)
enabled = false
target_position = Vector3(0, -1000, 0)
collision_mask = 17
debug_shape_thickness = 4

[node name="U2" type="Node3D" parent="raycasts" index="1"]
transform = Transform3D(0.996195, 0.0871557, 0, -0.0871557, 0.996195, 0, 0, 0, 1, 0, 0, 0)

[node name="RayCast3D_C" type="RayCast3D" parent="raycasts/U2" index="0"]
transform = Transform3D(-4.37114e-08, 1, -1.77636e-14, -1, -4.37114e-08, 0, -6.35275e-22, 1.77636e-14, 1, 0, 0, 0)
enabled = false
target_position = Vector3(0, -1000, 0)
collision_mask = 17
debug_shape_thickness = 4

[node name="RayCast3D_R1" type="RayCast3D" parent="raycasts/U2" index="1"]
transform = Transform3D(-4.35451e-08, 0.996195, -0.0871557, -1, -4.37114e-08, 0, -3.8097e-09, 0.0871557, 0.996195, 0, 0, 0)
enabled = false
target_position = Vector3(0, -1000, 0)
collision_mask = 17
debug_shape_thickness = 4

[node name="RayCast3D_R2" type="RayCast3D" parent="raycasts/U2" index="2"]
transform = Transform3D(-4.30473e-08, 0.984808, -0.173648, -1, -4.37114e-08, 0, -7.5904e-09, 0.173648, 0.984808, 0, 0, 0)
enabled = false
target_position = Vector3(0, -1000, 0)
collision_mask = 17
debug_shape_thickness = 4

[node name="RayCast3D_R3" type="RayCast3D" parent="raycasts/U2" index="3"]
transform = Transform3D(-4.2222e-08, 0.965926, -0.258819, -1, -4.37114e-08, 0, -1.13133e-08, 0.258819, 0.965926, 0, 0, 0)
enabled = false
target_position = Vector3(0, -1000, 0)
collision_mask = 17
debug_shape_thickness = 4

[node name="RayCast3D_R4" type="RayCast3D" parent="raycasts/U2" index="4"]
transform = Transform3D(-4.10753e-08, 0.939692, -0.34202, -1, -4.37114e-08, 0, -1.49502e-08, 0.34202, 0.939692, 0, 0, 0)
enabled = false
target_position = Vector3(0, -1000, 0)
collision_mask = 17
debug_shape_thickness = 4

[node name="RayCast3D_R5" type="RayCast3D" parent="raycasts/U2" index="5"]
transform = Transform3D(-3.9616e-08, 0.906308, -0.422618, -1, -4.37114e-08, 0, -1.84732e-08, 0.422618, 0.906308, 0, 0, 0)
enabled = false
target_position = Vector3(0, -1000, 0)
collision_mask = 17
debug_shape_thickness = 4

[node name="RayCast3D_R6" type="RayCast3D" parent="raycasts/U2" index="6"]
transform = Transform3D(-3.78552e-08, 0.866025, -0.5, -1, -4.37114e-08, 0, -2.18557e-08, 0.5, 0.866025, 0, 0, 0)
enabled = false
target_position = Vector3(0, -1000, 0)
collision_mask = 17
debug_shape_thickness = 4

[node name="RayCast3D6_L1" type="RayCast3D" parent="raycasts/U2" index="7"]
transform = Transform3D(-4.35451e-08, 0.996195, 0.0871557, -1, -4.37114e-08, 0, 3.8097e-09, -0.0871557, 0.996195, 0, 0, 0)
enabled = false
target_position = Vector3(0, -1000, 0)
collision_mask = 17
debug_shape_thickness = 4

[node name="RayCast3D6_L2" type="RayCast3D" parent="raycasts/U2" index="8"]
transform = Transform3D(-4.30473e-08, 0.984808, 0.173648, -1, -4.37114e-08, 0, 7.5904e-09, -0.173648, 0.984808, 0, 0, 0)
enabled = false
target_position = Vector3(0, -1000, 0)
collision_mask = 17
debug_shape_thickness = 4

[node name="RayCast3D6_L3" type="RayCast3D" parent="raycasts/U2" index="9"]
transform = Transform3D(-4.2222e-08, 0.965926, 0.258819, -1, -4.37114e-08, 0, 1.13133e-08, -0.258819, 0.965926, 0, 0, 0)
enabled = false
target_position = Vector3(0, -1000, 0)
collision_mask = 17
debug_shape_thickness = 4

[node name="RayCast3D6_L4" type="RayCast3D" parent="raycasts/U2" index="10"]
transform = Transform3D(-4.10753e-08, 0.939692, 0.34202, -1, -4.37114e-08, 0, 1.49502e-08, -0.34202, 0.939692, 0, 0, 0)
enabled = false
target_position = Vector3(0, -1000, 0)
collision_mask = 17
debug_shape_thickness = 4

[node name="RayCast3D6_L5" type="RayCast3D" parent="raycasts/U2" index="11"]
transform = Transform3D(-3.9616e-08, 0.906307, 0.422618, -1, -4.37114e-08, 0, 1.84732e-08, -0.422618, 0.906307, 0, 0, 0)
enabled = false
target_position = Vector3(0, -1000, 0)
collision_mask = 17
debug_shape_thickness = 4

[node name="RayCast3D6_L6" type="RayCast3D" parent="raycasts/U2" index="12"]
transform = Transform3D(-3.78552e-08, 0.866025, 0.5, -1, -4.37114e-08, 0, 2.18557e-08, -0.5, 0.866025, 0, 0, 0)
enabled = false
target_position = Vector3(0, -1000, 0)
collision_mask = 17
debug_shape_thickness = 4

[node name="U3" type="Node3D" parent="raycasts" index="2"]
transform = Transform3D(0.991445, 0.130526, 0, -0.130526, 0.991445, 0, 0, 0, 1, 0, 0, 0)

[node name="RayCast3D_C" type="RayCast3D" parent="raycasts/U3" index="0"]
transform = Transform3D(-4.37114e-08, 1, -1.77636e-14, -1, -4.37114e-08, 0, -6.35275e-22, 1.77636e-14, 1, 0, 0, 0)
enabled = false
target_position = Vector3(0, -1000, 0)
collision_mask = 17
debug_shape_thickness = 4

[node name="RayCast3D_R1" type="RayCast3D" parent="raycasts/U3" index="1"]
transform = Transform3D(-4.35451e-08, 0.996195, -0.0871557, -1, -4.37114e-08, 0, -3.8097e-09, 0.0871557, 0.996195, 0, 0, 0)
enabled = false
target_position = Vector3(0, -1000, 0)
collision_mask = 17
debug_shape_thickness = 4

[node name="RayCast3D_R2" type="RayCast3D" parent="raycasts/U3" index="2"]
transform = Transform3D(-4.30473e-08, 0.984808, -0.173648, -1, -4.37114e-08, 0, -7.5904e-09, 0.173648, 0.984808, 0, 0, 0)
enabled = false
target_position = Vector3(0, -1000, 0)
collision_mask = 17
debug_shape_thickness = 4

[node name="RayCast3D_R3" type="RayCast3D" parent="raycasts/U3" index="3"]
transform = Transform3D(-4.2222e-08, 0.965926, -0.258819, -1, -4.37114e-08, 0, -1.13133e-08, 0.258819, 0.965926, 0, 0, 0)
enabled = false
target_position = Vector3(0, -1000, 0)
collision_mask = 17
debug_shape_thickness = 4

[node name="RayCast3D_R4" type="RayCast3D" parent="raycasts/U3" index="4"]
transform = Transform3D(-4.10753e-08, 0.939692, -0.34202, -1, -4.37114e-08, 0, -1.49502e-08, 0.34202, 0.939692, 0, 0, 0)
enabled = false
target_position = Vector3(0, -1000, 0)
collision_mask = 17
debug_shape_thickness = 4

[node name="RayCast3D_R5" type="RayCast3D" parent="raycasts/U3" index="5"]
transform = Transform3D(-3.9616e-08, 0.906308, -0.422618, -1, -4.37114e-08, 0, -1.84732e-08, 0.422618, 0.906308, 0, 0, 0)
enabled = false
target_position = Vector3(0, -1000, 0)
collision_mask = 17
debug_shape_thickness = 4

[node name="RayCast3D_R6" type="RayCast3D" parent="raycasts/U3" index="6"]
transform = Transform3D(-3.78552e-08, 0.866025, -0.5, -1, -4.37114e-08, 0, -2.18557e-08, 0.5, 0.866025, 0, 0, 0)
enabled = false
target_position = Vector3(0, -1000, 0)
collision_mask = 17
debug_shape_thickness = 4

[node name="RayCast3D6_L1" type="RayCast3D" parent="raycasts/U3" index="7"]
transform = Transform3D(-4.35451e-08, 0.996195, 0.0871557, -1, -4.37114e-08, 0, 3.8097e-09, -0.0871557, 0.996195, 0, 0, 0)
enabled = false
target_position = Vector3(0, -1000, 0)
collision_mask = 17
debug_shape_thickness = 4

[node name="RayCast3D6_L2" type="RayCast3D" parent="raycasts/U3" index="8"]
transform = Transform3D(-4.30473e-08, 0.984808, 0.173648, -1, -4.37114e-08, 0, 7.5904e-09, -0.173648, 0.984808, 0, 0, 0)
enabled = false
target_position = Vector3(0, -1000, 0)
collision_mask = 17
debug_shape_thickness = 4

[node name="RayCast3D6_L3" type="RayCast3D" parent="raycasts/U3" index="9"]
transform = Transform3D(-4.2222e-08, 0.965926, 0.258819, -1, -4.37114e-08, 0, 1.13133e-08, -0.258819, 0.965926, 0, 0, 0)
enabled = false
target_position = Vector3(0, -1000, 0)
collision_mask = 17
debug_shape_thickness = 4

[node name="RayCast3D6_L4" type="RayCast3D" parent="raycasts/U3" index="10"]
transform = Transform3D(-4.10753e-08, 0.939692, 0.34202, -1, -4.37114e-08, 0, 1.49502e-08, -0.34202, 0.939692, 0, 0, 0)
enabled = false
target_position = Vector3(0, -1000, 0)
collision_mask = 17
debug_shape_thickness = 4

[node name="RayCast3D6_L5" type="RayCast3D" parent="raycasts/U3" index="11"]
transform = Transform3D(-3.9616e-08, 0.906307, 0.422618, -1, -4.37114e-08, 0, 1.84732e-08, -0.422618, 0.906307, 0, 0, 0)
enabled = false
target_position = Vector3(0, -1000, 0)
collision_mask = 17
debug_shape_thickness = 4

[node name="RayCast3D6_L6" type="RayCast3D" parent="raycasts/U3" index="12"]
transform = Transform3D(-3.78552e-08, 0.866025, 0.5, -1, -4.37114e-08, 0, 2.18557e-08, -0.5, 0.866025, 0, 0, 0)
enabled = false
target_position = Vector3(0, -1000, 0)
collision_mask = 17
debug_shape_thickness = 4

[node name="U4" type="Node3D" parent="raycasts" index="3"]
transform = Transform3D(0.984808, 0.173648, 0, -0.173648, 0.984808, 0, 0, 0, 1, 0, 0, 0)

[node name="RayCast3D_C" type="RayCast3D" parent="raycasts/U4" index="0"]
transform = Transform3D(-4.37114e-08, 1, -1.77636e-14, -1, -4.37114e-08, 0, -6.35275e-22, 1.77636e-14, 1, 0, 0, 0)
enabled = false
target_position = Vector3(0, -1000, 0)
collision_mask = 17
debug_shape_thickness = 4

[node name="RayCast3D_R1" type="RayCast3D" parent="raycasts/U4" index="1"]
transform = Transform3D(-4.35451e-08, 0.996195, -0.0871557, -1, -4.37114e-08, 0, -3.8097e-09, 0.0871557, 0.996195, 0, 0, 0)
enabled = false
target_position = Vector3(0, -1000, 0)
collision_mask = 17
debug_shape_thickness = 4

[node name="RayCast3D_R2" type="RayCast3D" parent="raycasts/U4" index="2"]
transform = Transform3D(-4.30473e-08, 0.984808, -0.173648, -1, -4.37114e-08, 0, -7.5904e-09, 0.173648, 0.984808, 0, 0, 0)
enabled = false
target_position = Vector3(0, -1000, 0)
collision_mask = 17
debug_shape_thickness = 4

[node name="RayCast3D_R3" type="RayCast3D" parent="raycasts/U4" index="3"]
transform = Transform3D(-4.2222e-08, 0.965926, -0.258819, -1, -4.37114e-08, 0, -1.13133e-08, 0.258819, 0.965926, 0, 0, 0)
enabled = false
target_position = Vector3(0, -1000, 0)
collision_mask = 17
debug_shape_thickness = 4

[node name="RayCast3D_R4" type="RayCast3D" parent="raycasts/U4" index="4"]
transform = Transform3D(-4.10753e-08, 0.939692, -0.34202, -1, -4.37114e-08, 0, -1.49502e-08, 0.34202, 0.939692, 0, 0, 0)
enabled = false
target_position = Vector3(0, -1000, 0)
collision_mask = 17
debug_shape_thickness = 4

[node name="RayCast3D_R5" type="RayCast3D" parent="raycasts/U4" index="5"]
transform = Transform3D(-3.9616e-08, 0.906308, -0.422618, -1, -4.37114e-08, 0, -1.84732e-08, 0.422618, 0.906308, 0, 0, 0)
enabled = false
target_position = Vector3(0, -1000, 0)
collision_mask = 17
debug_shape_thickness = 4

[node name="RayCast3D_R6" type="RayCast3D" parent="raycasts/U4" index="6"]
transform = Transform3D(-3.78552e-08, 0.866025, -0.5, -1, -4.37114e-08, 0, -2.18557e-08, 0.5, 0.866025, 0, 0, 0)
enabled = false
target_position = Vector3(0, -1000, 0)
collision_mask = 17
debug_shape_thickness = 4

[node name="RayCast3D6_L1" type="RayCast3D" parent="raycasts/U4" index="7"]
transform = Transform3D(-4.35451e-08, 0.996195, 0.0871557, -1, -4.37114e-08, 0, 3.8097e-09, -0.0871557, 0.996195, 0, 0, 0)
enabled = false
target_position = Vector3(0, -1000, 0)
collision_mask = 17
debug_shape_thickness = 4

[node name="RayCast3D6_L2" type="RayCast3D" parent="raycasts/U4" index="8"]
transform = Transform3D(-4.30473e-08, 0.984808, 0.173648, -1, -4.37114e-08, 0, 7.5904e-09, -0.173648, 0.984808, 0, 0, 0)
enabled = false
target_position = Vector3(0, -1000, 0)
collision_mask = 17
debug_shape_thickness = 4

[node name="RayCast3D6_L3" type="RayCast3D" parent="raycasts/U4" index="9"]
transform = Transform3D(-4.2222e-08, 0.965926, 0.258819, -1, -4.37114e-08, 0, 1.13133e-08, -0.258819, 0.965926, 0, 0, 0)
enabled = false
target_position = Vector3(0, -1000, 0)
collision_mask = 17
debug_shape_thickness = 4

[node name="RayCast3D6_L4" type="RayCast3D" parent="raycasts/U4" index="10"]
transform = Transform3D(-4.10753e-08, 0.939692, 0.34202, -1, -4.37114e-08, 0, 1.49502e-08, -0.34202, 0.939692, 0, 0, 0)
enabled = false
target_position = Vector3(0, -1000, 0)
collision_mask = 17
debug_shape_thickness = 4

[node name="RayCast3D6_L5" type="RayCast3D" parent="raycasts/U4" index="11"]
transform = Transform3D(-3.9616e-08, 0.906307, 0.422618, -1, -4.37114e-08, 0, 1.84732e-08, -0.422618, 0.906307, 0, 0, 0)
enabled = false
target_position = Vector3(0, -1000, 0)
collision_mask = 17
debug_shape_thickness = 4

[node name="RayCast3D6_L6" type="RayCast3D" parent="raycasts/U4" index="12"]
transform = Transform3D(-3.78552e-08, 0.866025, 0.5, -1, -4.37114e-08, 0, 2.18557e-08, -0.5, 0.866025, 0, 0, 0)
enabled = false
target_position = Vector3(0, -1000, 0)
collision_mask = 17
debug_shape_thickness = 4

[node name="U5" type="Node3D" parent="raycasts" index="4"]
transform = Transform3D(0.976296, 0.21644, 0, -0.21644, 0.976296, 0, 0, 0, 1, 0, 0, 0)

[node name="RayCast3D_C" type="RayCast3D" parent="raycasts/U5" index="0"]
transform = Transform3D(-4.37114e-08, 1, -1.77636e-14, -1, -4.37114e-08, 0, -6.35275e-22, 1.77636e-14, 1, 0, 0, 0)
enabled = false
target_position = Vector3(0, -1000, 0)
collision_mask = 17
debug_shape_thickness = 4

[node name="RayCast3D_R1" type="RayCast3D" parent="raycasts/U5" index="1"]
transform = Transform3D(-4.35451e-08, 0.996195, -0.0871557, -1, -4.37114e-08, 0, -3.8097e-09, 0.0871557, 0.996195, 0, 0, 0)
enabled = false
target_position = Vector3(0, -1000, 0)
collision_mask = 17
debug_shape_thickness = 4

[node name="RayCast3D_R2" type="RayCast3D" parent="raycasts/U5" index="2"]
transform = Transform3D(-4.30473e-08, 0.984808, -0.173648, -1, -4.37114e-08, 0, -7.5904e-09, 0.173648, 0.984808, 0, 0, 0)
enabled = false
target_position = Vector3(0, -1000, 0)
collision_mask = 17
debug_shape_thickness = 4

[node name="RayCast3D_R3" type="RayCast3D" parent="raycasts/U5" index="3"]
transform = Transform3D(-4.2222e-08, 0.965926, -0.258819, -1, -4.37114e-08, 0, -1.13133e-08, 0.258819, 0.965926, 0, 0, 0)
enabled = false
target_position = Vector3(0, -1000, 0)
collision_mask = 17
debug_shape_thickness = 4

[node name="RayCast3D_R4" type="RayCast3D" parent="raycasts/U5" index="4"]
transform = Transform3D(-4.10753e-08, 0.939692, -0.34202, -1, -4.37114e-08, 0, -1.49502e-08, 0.34202, 0.939692, 0, 0, 0)
enabled = false
target_position = Vector3(0, -1000, 0)
collision_mask = 17
debug_shape_thickness = 4

[node name="RayCast3D_R5" type="RayCast3D" parent="raycasts/U5" index="5"]
transform = Transform3D(-3.9616e-08, 0.906308, -0.422618, -1, -4.37114e-08, 0, -1.84732e-08, 0.422618, 0.906308, 0, 0, 0)
enabled = false
target_position = Vector3(0, -1000, 0)
collision_mask = 17
debug_shape_thickness = 4

[node name="RayCast3D_R6" type="RayCast3D" parent="raycasts/U5" index="6"]
transform = Transform3D(-3.78552e-08, 0.866025, -0.5, -1, -4.37114e-08, 0, -2.18557e-08, 0.5, 0.866025, 0, 0, 0)
enabled = false
target_position = Vector3(0, -1000, 0)
collision_mask = 17
debug_shape_thickness = 4

[node name="RayCast3D6_L1" type="RayCast3D" parent="raycasts/U5" index="7"]
transform = Transform3D(-4.35451e-08, 0.996195, 0.0871557, -1, -4.37114e-08, 0, 3.8097e-09, -0.0871557, 0.996195, 0, 0, 0)
enabled = false
target_position = Vector3(0, -1000, 0)
collision_mask = 17
debug_shape_thickness = 4

[node name="RayCast3D6_L2" type="RayCast3D" parent="raycasts/U5" index="8"]
transform = Transform3D(-4.30473e-08, 0.984808, 0.173648, -1, -4.37114e-08, 0, 7.5904e-09, -0.173648, 0.984808, 0, 0, 0)
enabled = false
target_position = Vector3(0, -1000, 0)
collision_mask = 17
debug_shape_thickness = 4

[node name="RayCast3D6_L3" type="RayCast3D" parent="raycasts/U5" index="9"]
transform = Transform3D(-4.2222e-08, 0.965926, 0.258819, -1, -4.37114e-08, 0, 1.13133e-08, -0.258819, 0.965926, 0, 0, 0)
enabled = false
target_position = Vector3(0, -1000, 0)
collision_mask = 17
debug_shape_thickness = 4

[node name="RayCast3D6_L4" type="RayCast3D" parent="raycasts/U5" index="10"]
transform = Transform3D(-4.10753e-08, 0.939692, 0.34202, -1, -4.37114e-08, 0, 1.49502e-08, -0.34202, 0.939692, 0, 0, 0)
enabled = false
target_position = Vector3(0, -1000, 0)
collision_mask = 17
debug_shape_thickness = 4

[node name="RayCast3D6_L5" type="RayCast3D" parent="raycasts/U5" index="11"]
transform = Transform3D(-3.9616e-08, 0.906307, 0.422618, -1, -4.37114e-08, 0, 1.84732e-08, -0.422618, 0.906307, 0, 0, 0)
enabled = false
target_position = Vector3(0, -1000, 0)
collision_mask = 17
debug_shape_thickness = 4

[node name="RayCast3D6_L6" type="RayCast3D" parent="raycasts/U5" index="12"]
transform = Transform3D(-3.78552e-08, 0.866025, 0.5, -1, -4.37114e-08, 0, 2.18557e-08, -0.5, 0.866025, 0, 0, 0)
enabled = false
target_position = Vector3(0, -1000, 0)
collision_mask = 17
debug_shape_thickness = 4

[node name="U6" type="Node3D" parent="raycasts" index="5"]
transform = Transform3D(0.965926, 0.258819, 0, -0.258819, 0.965926, 0, 0, 0, 1, 0, 0, 0)

[node name="RayCast3D_C" type="RayCast3D" parent="raycasts/U6" index="0"]
transform = Transform3D(-4.37114e-08, 1, -1.77636e-14, -1, -4.37114e-08, 0, -6.35275e-22, 1.77636e-14, 1, 0, 0, 0)
enabled = false
target_position = Vector3(0, -1000, 0)
collision_mask = 17
debug_shape_thickness = 4

[node name="RayCast3D_R1" type="RayCast3D" parent="raycasts/U6" index="1"]
transform = Transform3D(-4.35451e-08, 0.996195, -0.0871557, -1, -4.37114e-08, 0, -3.8097e-09, 0.0871557, 0.996195, 0, 0, 0)
enabled = false
target_position = Vector3(0, -1000, 0)
collision_mask = 17
debug_shape_thickness = 4

[node name="RayCast3D_R2" type="RayCast3D" parent="raycasts/U6" index="2"]
transform = Transform3D(-4.30473e-08, 0.984808, -0.173648, -1, -4.37114e-08, 0, -7.5904e-09, 0.173648, 0.984808, 0, 0, 0)
enabled = false
target_position = Vector3(0, -1000, 0)
collision_mask = 17
debug_shape_thickness = 4

[node name="RayCast3D_R3" type="RayCast3D" parent="raycasts/U6" index="3"]
transform = Transform3D(-4.2222e-08, 0.965926, -0.258819, -1, -4.37114e-08, 0, -1.13133e-08, 0.258819, 0.965926, 0, 0, 0)
enabled = false
target_position = Vector3(0, -1000, 0)
collision_mask = 17
debug_shape_thickness = 4

[node name="RayCast3D_R4" type="RayCast3D" parent="raycasts/U6" index="4"]
transform = Transform3D(-4.10753e-08, 0.939692, -0.34202, -1, -4.37114e-08, 0, -1.49502e-08, 0.34202, 0.939692, 0, 0, 0)
enabled = false
target_position = Vector3(0, -1000, 0)
collision_mask = 17
debug_shape_thickness = 4

[node name="RayCast3D_R5" type="RayCast3D" parent="raycasts/U6" index="5"]
transform = Transform3D(-3.9616e-08, 0.906308, -0.422618, -1, -4.37114e-08, 0, -1.84732e-08, 0.422618, 0.906308, 0, 0, 0)
enabled = false
target_position = Vector3(0, -1000, 0)
collision_mask = 17
debug_shape_thickness = 4

[node name="RayCast3D_R6" type="RayCast3D" parent="raycasts/U6" index="6"]
transform = Transform3D(-3.78552e-08, 0.866025, -0.5, -1, -4.37114e-08, 0, -2.18557e-08, 0.5, 0.866025, 0, 0, 0)
enabled = false
target_position = Vector3(0, -1000, 0)
collision_mask = 17
debug_shape_thickness = 4

[node name="RayCast3D6_L1" type="RayCast3D" parent="raycasts/U6" index="7"]
transform = Transform3D(-4.35451e-08, 0.996195, 0.0871557, -1, -4.37114e-08, 0, 3.8097e-09, -0.0871557, 0.996195, 0, 0, 0)
enabled = false
target_position = Vector3(0, -1000, 0)
collision_mask = 17
debug_shape_thickness = 4

[node name="RayCast3D6_L2" type="RayCast3D" parent="raycasts/U6" index="8"]
transform = Transform3D(-4.30473e-08, 0.984808, 0.173648, -1, -4.37114e-08, 0, 7.5904e-09, -0.173648, 0.984808, 0, 0, 0)
enabled = false
target_position = Vector3(0, -1000, 0)
collision_mask = 17
debug_shape_thickness = 4

[node name="RayCast3D6_L3" type="RayCast3D" parent="raycasts/U6" index="9"]
transform = Transform3D(-4.2222e-08, 0.965926, 0.258819, -1, -4.37114e-08, 0, 1.13133e-08, -0.258819, 0.965926, 0, 0, 0)
enabled = false
target_position = Vector3(0, -1000, 0)
collision_mask = 17
debug_shape_thickness = 4

[node name="RayCast3D6_L4" type="RayCast3D" parent="raycasts/U6" index="10"]
transform = Transform3D(-4.10753e-08, 0.939692, 0.34202, -1, -4.37114e-08, 0, 1.49502e-08, -0.34202, 0.939692, 0, 0, 0)
enabled = false
target_position = Vector3(0, -1000, 0)
collision_mask = 17
debug_shape_thickness = 4

[node name="RayCast3D6_L5" type="RayCast3D" parent="raycasts/U6" index="11"]
transform = Transform3D(-3.9616e-08, 0.906307, 0.422618, -1, -4.37114e-08, 0, 1.84732e-08, -0.422618, 0.906307, 0, 0, 0)
enabled = false
target_position = Vector3(0, -1000, 0)
collision_mask = 17
debug_shape_thickness = 4

[node name="RayCast3D6_L6" type="RayCast3D" parent="raycasts/U6" index="12"]
transform = Transform3D(-3.78552e-08, 0.866025, 0.5, -1, -4.37114e-08, 0, 2.18557e-08, -0.5, 0.866025, 0, 0, 0)
enabled = false
target_position = Vector3(0, -1000, 0)
collision_mask = 17
debug_shape_thickness = 4

[node name="U7" type="Node3D" parent="raycasts" index="6"]
transform = Transform3D(0.953717, 0.300706, 0, -0.300706, 0.953717, 0, 0, 0, 1, 0, 0, 0)

[node name="RayCast3D_C" type="RayCast3D" parent="raycasts/U7" index="0"]
transform = Transform3D(-4.37114e-08, 1, -1.77636e-14, -1, -4.37114e-08, 0, -6.35275e-22, 1.77636e-14, 1, 0, 0, 0)
enabled = false
target_position = Vector3(0, -1000, 0)
collision_mask = 17
debug_shape_thickness = 4

[node name="RayCast3D_R1" type="RayCast3D" parent="raycasts/U7" index="1"]
transform = Transform3D(-4.35451e-08, 0.996195, -0.0871557, -1, -4.37114e-08, 0, -3.8097e-09, 0.0871557, 0.996195, 0, 0, 0)
enabled = false
target_position = Vector3(0, -1000, 0)
collision_mask = 17
debug_shape_thickness = 4

[node name="RayCast3D_R2" type="RayCast3D" parent="raycasts/U7" index="2"]
transform = Transform3D(-4.30473e-08, 0.984808, -0.173648, -1, -4.37114e-08, 0, -7.5904e-09, 0.173648, 0.984808, 0, 0, 0)
enabled = false
target_position = Vector3(0, -1000, 0)
collision_mask = 17
debug_shape_thickness = 4

[node name="RayCast3D_R3" type="RayCast3D" parent="raycasts/U7" index="3"]
transform = Transform3D(-4.2222e-08, 0.965926, -0.258819, -1, -4.37114e-08, 0, -1.13133e-08, 0.258819, 0.965926, 0, 0, 0)
enabled = false
target_position = Vector3(0, -1000, 0)
collision_mask = 17
debug_shape_thickness = 4

[node name="RayCast3D_R4" type="RayCast3D" parent="raycasts/U7" index="4"]
transform = Transform3D(-4.10753e-08, 0.939692, -0.34202, -1, -4.37114e-08, 0, -1.49502e-08, 0.34202, 0.939692, 0, 0, 0)
enabled = false
target_position = Vector3(0, -1000, 0)
collision_mask = 17
debug_shape_thickness = 4

[node name="RayCast3D_R5" type="RayCast3D" parent="raycasts/U7" index="5"]
transform = Transform3D(-3.9616e-08, 0.906308, -0.422618, -1, -4.37114e-08, 0, -1.84732e-08, 0.422618, 0.906308, 0, 0, 0)
enabled = false
target_position = Vector3(0, -1000, 0)
collision_mask = 17
debug_shape_thickness = 4

[node name="RayCast3D_R6" type="RayCast3D" parent="raycasts/U7" index="6"]
transform = Transform3D(-3.78552e-08, 0.866025, -0.5, -1, -4.37114e-08, 0, -2.18557e-08, 0.5, 0.866025, 0, 0, 0)
enabled = false
target_position = Vector3(0, -1000, 0)
collision_mask = 17
debug_shape_thickness = 4

[node name="RayCast3D6_L1" type="RayCast3D" parent="raycasts/U7" index="7"]
transform = Transform3D(-4.35451e-08, 0.996195, 0.0871557, -1, -4.37114e-08, 0, 3.8097e-09, -0.0871557, 0.996195, 0, 0, 0)
enabled = false
target_position = Vector3(0, -1000, 0)
collision_mask = 17
debug_shape_thickness = 4

[node name="RayCast3D6_L2" type="RayCast3D" parent="raycasts/U7" index="8"]
transform = Transform3D(-4.30473e-08, 0.984808, 0.173648, -1, -4.37114e-08, 0, 7.5904e-09, -0.173648, 0.984808, 0, 0, 0)
enabled = false
target_position = Vector3(0, -1000, 0)
collision_mask = 17
debug_shape_thickness = 4

[node name="RayCast3D6_L3" type="RayCast3D" parent="raycasts/U7" index="9"]
transform = Transform3D(-4.2222e-08, 0.965926, 0.258819, -1, -4.37114e-08, 0, 1.13133e-08, -0.258819, 0.965926, 0, 0, 0)
enabled = false
target_position = Vector3(0, -1000, 0)
collision_mask = 17
debug_shape_thickness = 4

[node name="RayCast3D6_L4" type="RayCast3D" parent="raycasts/U7" index="10"]
transform = Transform3D(-4.10753e-08, 0.939692, 0.34202, -1, -4.37114e-08, 0, 1.49502e-08, -0.34202, 0.939692, 0, 0, 0)
enabled = false
target_position = Vector3(0, -1000, 0)
collision_mask = 17
debug_shape_thickness = 4

[node name="RayCast3D6_L5" type="RayCast3D" parent="raycasts/U7" index="11"]
transform = Transform3D(-3.9616e-08, 0.906307, 0.422618, -1, -4.37114e-08, 0, 1.84732e-08, -0.422618, 0.906307, 0, 0, 0)
enabled = false
target_position = Vector3(0, -1000, 0)
collision_mask = 17
debug_shape_thickness = 4

[node name="RayCast3D6_L6" type="RayCast3D" parent="raycasts/U7" index="12"]
transform = Transform3D(-3.78552e-08, 0.866025, 0.5, -1, -4.37114e-08, 0, 2.18557e-08, -0.5, 0.866025, 0, 0, 0)
enabled = false
target_position = Vector3(0, -1000, 0)
collision_mask = 17
debug_shape_thickness = 4

[node name="C1" type="Node3D" parent="raycasts" index="7"]
transform = Transform3D(1, 0, 3.55271e-15, 0, 1, 0, -3.55271e-15, 0, 1, 0, 0, 0)

[node name="RayCast3D_C" type="RayCast3D" parent="raycasts/C1" index="0"]
transform = Transform3D(-4.37114e-08, 1, -1.77636e-14, -1, -4.37114e-08, 0, -6.35275e-22, 1.77636e-14, 1, 0, 0, 0)
enabled = false
target_position = Vector3(0, -1000, 0)
collision_mask = 17
debug_shape_thickness = 4

[node name="RayCast3D_R1" type="RayCast3D" parent="raycasts/C1" index="1"]
transform = Transform3D(-4.35451e-08, 0.996195, -0.0871557, -1, -4.37114e-08, 0, -3.8097e-09, 0.0871557, 0.996195, 0, 0, 0)
enabled = false
target_position = Vector3(0, -1000, 0)
collision_mask = 17
debug_shape_thickness = 4

[node name="RayCast3D_R2" type="RayCast3D" parent="raycasts/C1" index="2"]
transform = Transform3D(-4.30473e-08, 0.984808, -0.173648, -1, -4.37114e-08, 0, -7.5904e-09, 0.173648, 0.984808, 0, 0, 0)
enabled = false
target_position = Vector3(0, -1000, 0)
collision_mask = 17
debug_shape_thickness = 4

[node name="RayCast3D_R3" type="RayCast3D" parent="raycasts/C1" index="3"]
transform = Transform3D(-4.2222e-08, 0.965926, -0.258819, -1, -4.37114e-08, 0, -1.13133e-08, 0.258819, 0.965926, 0, 0, 0)
enabled = false
target_position = Vector3(0, -1000, 0)
collision_mask = 17
debug_shape_thickness = 4

[node name="RayCast3D_R4" type="RayCast3D" parent="raycasts/C1" index="4"]
transform = Transform3D(-4.10753e-08, 0.939692, -0.34202, -1, -4.37114e-08, 0, -1.49502e-08, 0.34202, 0.939692, 0, 0, 0)
enabled = false
target_position = Vector3(0, -1000, 0)
collision_mask = 17
debug_shape_thickness = 4

[node name="RayCast3D_R5" type="RayCast3D" parent="raycasts/C1" index="5"]
transform = Transform3D(-3.9616e-08, 0.906308, -0.422618, -1, -4.37114e-08, 0, -1.84732e-08, 0.422618, 0.906308, 0, 0, 0)
enabled = false
target_position = Vector3(0, -1000, 0)
collision_mask = 17
debug_shape_thickness = 4

[node name="RayCast3D_R6" type="RayCast3D" parent="raycasts/C1" index="6"]
transform = Transform3D(-3.78552e-08, 0.866025, -0.5, -1, -4.37114e-08, 0, -2.18557e-08, 0.5, 0.866025, 0, 0, 0)
enabled = false
target_position = Vector3(0, -1000, 0)
collision_mask = 17
debug_shape_thickness = 4

[node name="RayCast3D6_L1" type="RayCast3D" parent="raycasts/C1" index="7"]
transform = Transform3D(-4.35451e-08, 0.996195, 0.0871557, -1, -4.37114e-08, 0, 3.8097e-09, -0.0871557, 0.996195, 0, 0, 0)
enabled = false
target_position = Vector3(0, -1000, 0)
collision_mask = 17
debug_shape_thickness = 4

[node name="RayCast3D6_L2" type="RayCast3D" parent="raycasts/C1" index="8"]
transform = Transform3D(-4.30473e-08, 0.984808, 0.173648, -1, -4.37114e-08, 0, 7.5904e-09, -0.173648, 0.984808, 0, 0, 0)
enabled = false
target_position = Vector3(0, -1000, 0)
collision_mask = 17
debug_shape_thickness = 4

[node name="RayCast3D6_L3" type="RayCast3D" parent="raycasts/C1" index="9"]
transform = Transform3D(-4.2222e-08, 0.965926, 0.258819, -1, -4.37114e-08, 0, 1.13133e-08, -0.258819, 0.965926, 0, 0, 0)
enabled = false
target_position = Vector3(0, -1000, 0)
collision_mask = 17
debug_shape_thickness = 4

[node name="RayCast3D6_L4" type="RayCast3D" parent="raycasts/C1" index="10"]
transform = Transform3D(-4.10753e-08, 0.939692, 0.34202, -1, -4.37114e-08, 0, 1.49502e-08, -0.34202, 0.939692, 0, 0, 0)
enabled = false
target_position = Vector3(0, -1000, 0)
collision_mask = 17
debug_shape_thickness = 4

[node name="RayCast3D6_L5" type="RayCast3D" parent="raycasts/C1" index="11"]
transform = Transform3D(-3.9616e-08, 0.906307, 0.422618, -1, -4.37114e-08, 0, 1.84732e-08, -0.422618, 0.906307, 0, 0, 0)
enabled = false
target_position = Vector3(0, -1000, 0)
collision_mask = 17
debug_shape_thickness = 4

[node name="RayCast3D6_L6" type="RayCast3D" parent="raycasts/C1" index="12"]
transform = Transform3D(-3.78552e-08, 0.866025, 0.5, -1, -4.37114e-08, 0, 2.18557e-08, -0.5, 0.866025, 0, 0, 0)
enabled = false
target_position = Vector3(0, -1000, 0)
collision_mask = 17
debug_shape_thickness = 4

[node name="L1" type="Node3D" parent="raycasts" index="8"]
transform = Transform3D(0.999048, -0.0436194, 0, 0.0436194, 0.999048, 0, 0, 0, 1, 0, 0, 0)

[node name="RayCast3D_C" type="RayCast3D" parent="raycasts/L1" index="0"]
transform = Transform3D(-4.37114e-08, 1, -1.77636e-14, -1, -4.37114e-08, 0, -6.35275e-22, 1.77636e-14, 1, 0, 0, 0)
enabled = false
target_position = Vector3(0, -1000, 0)
collision_mask = 17
debug_shape_thickness = 4

[node name="RayCast3D_R1" type="RayCast3D" parent="raycasts/L1" index="1"]
transform = Transform3D(-4.35451e-08, 0.996195, -0.0871557, -1, -4.37114e-08, 0, -3.8097e-09, 0.0871557, 0.996195, 0, 0, 0)
enabled = false
target_position = Vector3(0, -1000, 0)
collision_mask = 17
debug_shape_thickness = 4

[node name="RayCast3D_R2" type="RayCast3D" parent="raycasts/L1" index="2"]
transform = Transform3D(-4.30473e-08, 0.984808, -0.173648, -1, -4.37114e-08, 0, -7.5904e-09, 0.173648, 0.984808, 0, 0, 0)
enabled = false
target_position = Vector3(0, -1000, 0)
collision_mask = 17
debug_shape_thickness = 4

[node name="RayCast3D_R3" type="RayCast3D" parent="raycasts/L1" index="3"]
transform = Transform3D(-4.2222e-08, 0.965926, -0.258819, -1, -4.37114e-08, 0, -1.13133e-08, 0.258819, 0.965926, 0, 0, 0)
enabled = false
target_position = Vector3(0, -1000, 0)
collision_mask = 17
debug_shape_thickness = 4

[node name="RayCast3D_R4" type="RayCast3D" parent="raycasts/L1" index="4"]
transform = Transform3D(-4.10753e-08, 0.939692, -0.34202, -1, -4.37114e-08, 0, -1.49502e-08, 0.34202, 0.939692, 0, 0, 0)
enabled = false
target_position = Vector3(0, -1000, 0)
collision_mask = 17
debug_shape_thickness = 4

[node name="RayCast3D_R5" type="RayCast3D" parent="raycasts/L1" index="5"]
transform = Transform3D(-3.9616e-08, 0.906308, -0.422618, -1, -4.37114e-08, 0, -1.84732e-08, 0.422618, 0.906308, 0, 0, 0)
enabled = false
target_position = Vector3(0, -1000, 0)
collision_mask = 17
debug_shape_thickness = 4

[node name="RayCast3D_R6" type="RayCast3D" parent="raycasts/L1" index="6"]
transform = Transform3D(-3.78552e-08, 0.866025, -0.5, -1, -4.37114e-08, 0, -2.18557e-08, 0.5, 0.866025, 0, 0, 0)
enabled = false
target_position = Vector3(0, -1000, 0)
collision_mask = 17
debug_shape_thickness = 4

[node name="RayCast3D6_L1" type="RayCast3D" parent="raycasts/L1" index="7"]
transform = Transform3D(-4.35451e-08, 0.996195, 0.0871557, -1, -4.37114e-08, 0, 3.8097e-09, -0.0871557, 0.996195, 0, 0, 0)
enabled = false
target_position = Vector3(0, -1000, 0)
collision_mask = 17
debug_shape_thickness = 4

[node name="RayCast3D6_L2" type="RayCast3D" parent="raycasts/L1" index="8"]
transform = Transform3D(-4.30473e-08, 0.984808, 0.173648, -1, -4.37114e-08, 0, 7.5904e-09, -0.173648, 0.984808, 0, 0, 0)
enabled = false
target_position = Vector3(0, -1000, 0)
collision_mask = 17
debug_shape_thickness = 4

[node name="RayCast3D6_L3" type="RayCast3D" parent="raycasts/L1" index="9"]
transform = Transform3D(-4.2222e-08, 0.965926, 0.258819, -1, -4.37114e-08, 0, 1.13133e-08, -0.258819, 0.965926, 0, 0, 0)
enabled = false
target_position = Vector3(0, -1000, 0)
collision_mask = 17
debug_shape_thickness = 4

[node name="RayCast3D6_L4" type="RayCast3D" parent="raycasts/L1" index="10"]
transform = Transform3D(-4.10753e-08, 0.939692, 0.34202, -1, -4.37114e-08, 0, 1.49502e-08, -0.34202, 0.939692, 0, 0, 0)
enabled = false
target_position = Vector3(0, -1000, 0)
collision_mask = 17
debug_shape_thickness = 4

[node name="RayCast3D6_L5" type="RayCast3D" parent="raycasts/L1" index="11"]
transform = Transform3D(-3.9616e-08, 0.906307, 0.422618, -1, -4.37114e-08, 0, 1.84732e-08, -0.422618, 0.906307, 0, 0, 0)
enabled = false
target_position = Vector3(0, -1000, 0)
collision_mask = 17
debug_shape_thickness = 4

[node name="RayCast3D6_L6" type="RayCast3D" parent="raycasts/L1" index="12"]
transform = Transform3D(-3.78552e-08, 0.866025, 0.5, -1, -4.37114e-08, 0, 2.18557e-08, -0.5, 0.866025, 0, 0, 0)
enabled = false
target_position = Vector3(0, -1000, 0)
collision_mask = 17
debug_shape_thickness = 4

[node name="L2" type="Node3D" parent="raycasts" index="9"]
transform = Transform3D(0.996195, -0.0871557, 0, 0.0871557, 0.996195, 0, 0, 0, 1, 0, 0, 0)

