[gd_scene load_steps=7 format=3 uid="uid://cbghrmmreds0r"]

[ext_resource type="PackedScene" uid="uid://cogvfxjwoixss" path="res://player/cam/player_cam.blend" id="1_tj4hb"]
[ext_resource type="Script" path="res://player/cam/handheld_cam.gd" id="2_fwxil"]
[ext_resource type="AudioStream" uid="uid://b80uhcgplgc38" path="res://player/cam/sounds/camera-shutter.wav" id="2_niyvt"]
[ext_resource type="Texture2D" uid="uid://4cp4keildw7t" path="res://player/cam/black2.png" id="4_27h8v"]
[ext_resource type="Texture2D" uid="uid://cr084m836tl3m" path="res://player/starred.png" id="5_280qy"]

[sub_resource type="ViewportTexture" id="ViewportTexture_iibmc"]
viewport_path = NodePath("SubViewport")

[node name="player_cam" instance=ExtResource("1_tj4hb")]
transform = Transform3D(-2.4611e-09, 0, -0.0563033, 0, 0.0563033, 0, 0.0563033, 0, -2.4611e-09, -0.195, -0.17, -0.394)
script = ExtResource("2_fwxil")
flash_brightness = 4.0
default_pos = Vector3(-0.195, -0.17, -0.394)

[node name="body" parent="." index="0"]
layers = 2

[node name="buttonbody" parent="." index="1"]
layers = 2

[node name="button" parent="." index="2"]
layers = 2

[node name="view" parent="." index="3"]
layers = 2

[node name="lensglass" parent="." index="4"]
layers = 2

[node name="lens" parent="." index="5"]
layers = 2

[node name="screen" parent="." index="6"]
transform = Transform3D(0, -1.05084, 0, 1.05084, 0, 0, 0, 0, 1.61607, 0.527077, -0.600487, -2.97363)
layers = 2

[node name="view_001" parent="." index="7"]
layers = 2

[node name="CameraFLash" type="SpotLight3D" parent="." index="8"]
transform = Transform3D(-4.37114e-08, 0, 1, 0, 1, 0, -1, 0, -4.37114e-08, -0.576685, 0.993742, -3.29924)
light_energy = 0.0
shadow_enabled = true
spot_range = 320.767

[node name="AudioStreamPlayer3D" type="AudioStreamPlayer3D" parent="." index="9"]
transform = Transform3D(-1.55271e-06, -7.76356e-07, -17.7609, -7.76356e-07, 17.7609, -7.76356e-07, 17.7609, 7.76356e-07, -1.55271e-06, -0.254168, -0.600487, -2.97363)
stream = ExtResource("2_niyvt")
attenuation_model = 1
max_db = -2.51
pitch_scale = 1.05

[node name="sprites" type="Node3D" parent="." index="10"]
transform = Transform3D(1, 0, -3.55271e-15, 0, 1, 0, 3.55271e-15, 0, 1, 0, 0, 0)

[node name="Sprite3D" type="Sprite3D" parent="sprites" index="0"]
transform = Transform3D(-6.61685e-09, -3.30844e-09, -0.1164, -3.30844e-09, 0.0756882, -5.08795e-09, 0.0756882, 3.30844e-09, -1.01759e-08, 0.166846, -0.600487, -2.97363)
layers = 2
double_sided = false
texture = SubResource("ViewportTexture_iibmc")

[node name="spriteScreen" type="Sprite3D" parent="sprites" index="1"]
transform = Transform3D(-2.75335e-14, -7.495e-09, 0.263694, 7.72326e-09, 0.171466, 1.15265e-08, -0.176688, 7.495e-09, -6.92779e-14, 0.529003, -0.6, -2.974)
layers = 2
double_sided = false
texture = ExtResource("4_27h8v")

[node name="starred" type="Sprite3D" parent="sprites" index="2"]
transform = Transform3D(-1.29674e-13, -2.58298e-08, 0.908761, 2.66165e-08, 0.590917, 3.97235e-08, -0.608914, 2.58298e-08, -2.98428e-13, 0.528, 0.218899, -4.32615)
visible = false
double_sided = false
render_priority = 1
texture = ExtResource("5_280qy")

[node name="SubViewport" type="SubViewport" parent="." index="11"]
size = Vector2i(1775, 1175)

[node name="ROOT" type="Node3D" parent="SubViewport" index="0"]
transform = Transform3D(1, 0, 0, 0, 1, 0, 0, 0, 1, -1.837, -0.611, -3.255)

[node name="handheld_viewport_cam" type="Camera3D" parent="SubViewport/ROOT" index="0"]
transform = Transform3D(1, 0, 1.06581e-14, 0, 1, 0, -1.06581e-14, 0, 1, -1.837, -0.611, -3.255)
fov = 60.0

[node name="camera_lens_loc" type="Node3D" parent="." index="12"]
transform = Transform3D(-4.37114e-08, 0, 1, 0, 1, 0, -1, 0, -4.37114e-08, -1.83668, -0.61124, -3.25501)

[node name="raycast_loc" type="Node3D" parent="camera_lens_loc" index="0"]
transform = Transform3D(-4.37114e-08, 0, -1, 0, 1, 0, 1, 0, -4.37114e-08, 0, 0, 0)

[node name="timers" type="Node3D" parent="." index="13"]

[node name="cam_cooldown" type="Timer" parent="timers" index="0"]
one_shot = true

[node name="cam_preview_image_cooldown" type="Timer" parent="timers" index="1"]
wait_time = 4.0
one_shot = true

[node name="raycasts" type="Node3D" parent="." index="14"]
transform = Transform3D(1, 0, -2.13163e-14, 0, 1, 0, 2.13163e-14, 0, 1, -1.837, -0.611, -3.255)
visible = false

[node name="U8" type="Node3D" parent="raycasts" index="0"]
transform = Transform3D(0.976296, 0.21644, 0, -0.21644, 0.976296, 0, 0, 0, 1, 0, 0, 0)

[node name="RayCast3D_C" type="RayCast3D" parent="raycasts/U8" index="0"]
transform = Transform3D(-4.37114e-08, 1, -1.77636e-14, -1, -4.37114e-08, 0, -6.35275e-22, 1.77636e-14, 1, 0, 0, 0)
enabled = false
target_position = Vector3(0, -5000, 0)
collision_mask = 17
debug_shape_thickness = 4

[node name="RayCast3D_R1" type="RayCast3D" parent="raycasts/U8" index="1"]
transform = Transform3D(-4.35451e-08, 0.996195, -0.0871557, -1, -4.37114e-08, 0, -3.8097e-09, 0.0871557, 0.996195, 0, 0, 0)
enabled = false
target_position = Vector3(0, -5000, 0)
collision_mask = 17
debug_shape_thickness = 4

[node name="RayCast3D_R1_1" type="RayCast3D" parent="raycasts/U8" index="2"]
transform = Transform3D(-4.37001e-08, 0.999743, -0.0226873, -1, -4.37114e-08, 0, -9.91695e-10, 0.0226873, 0.999743, 0, 0, 0)
enabled = false
target_position = Vector3(0, -5000, 0)
collision_mask = 17
debug_shape_thickness = 4

[node name="RayCast3D_R1_2" type="RayCast3D" parent="raycasts/U8" index="3"]
transform = Transform3D(-4.36664e-08, 0.998971, -0.045363, -1, -4.37114e-08, 0, -1.98288e-09, 0.045363, 0.998971, 0, 0, 0)
enabled = false
target_position = Vector3(0, -5000, 0)
collision_mask = 17
debug_shape_thickness = 4

[node name="RayCast3D_R1_3" type="RayCast3D" parent="raycasts/U8" index="4"]
transform = Transform3D(-4.36102e-08, 0.997685, -0.0680153, -1, -4.37114e-08, 0, -2.97304e-09, 0.0680153, 0.997685, 0, 0, 0)
enabled = false
target_position = Vector3(0, -5000, 0)
collision_mask = 17
debug_shape_thickness = 4

[node name="RayCast3D_R2" type="RayCast3D" parent="raycasts/U8" index="5"]
transform = Transform3D(-4.30473e-08, 0.984808, -0.173648, -1, -4.37114e-08, 0, -7.5904e-09, 0.173648, 0.984808, 0, 0, 0)
enabled = false
target_position = Vector3(0, -5000, 0)
collision_mask = 17
debug_shape_thickness = 4

[node name="RayCast3D_R2_1" type="RayCast3D" parent="raycasts/U8" index="6"]
transform = Transform3D(-4.34474e-08, 0.993961, -0.109734, -1, -4.37114e-08, 0, -4.79664e-09, 0.109734, 0.993961, 0, 0, 0)
enabled = false
target_position = Vector3(0, -5000, 0)
collision_mask = 17
debug_shape_thickness = 4

[node name="RayCast3D_R2_2" type="RayCast3D" parent="raycasts/U8" index="7"]
transform = Transform3D(-4.33274e-08, 0.991216, -0.132256, -1, -4.37114e-08, 0, -5.78111e-09, 0.132256, 0.991216, 0, 0, 0)
enabled = false
target_position = Vector3(0, -5000, 0)
collision_mask = 17
debug_shape_thickness = 4

[node name="RayCast3D_R2_3" type="RayCast3D" parent="raycasts/U8" index="8"]
transform = Transform3D(-4.31851e-08, 0.98796, -0.15471, -1, -4.37114e-08, 0, -6.76261e-09, 0.15471, 0.98796, 0, 0, 0)
enabled = false
target_position = Vector3(0, -5000, 0)
collision_mask = 17
debug_shape_thickness = 4

[node name="RayCast3D_R3" type="RayCast3D" parent="raycasts/U8" index="9"]
transform = Transform3D(-4.2222e-08, 0.965926, -0.258819, -1, -4.37114e-08, 0, -1.13133e-08, 0.258819, 0.965926, 0, 0, 0)
enabled = false
target_position = Vector3(0, -5000, 0)
collision_mask = 17
debug_shape_thickness = 4

[node name="RayCast3D_R3_1" type="RayCast3D" parent="raycasts/U8" index="10"]
transform = Transform3D(-4.2864e-08, 0.980615, -0.195946, -1, -4.37114e-08, 0, -8.56508e-09, 0.195946, 0.980615, 0, 0, 0)
enabled = false
target_position = Vector3(0, -5000, 0)
collision_mask = 17
debug_shape_thickness = 4

[node name="RayCast3D_R3_2" type="RayCast3D" parent="raycasts/U8" index="11"]
transform = Transform3D(-4.26587e-08, 0.975917, -0.218143, -1, -4.37114e-08, 0, -9.53534e-09, 0.218143, 0.975917, 0, 0, 0)
enabled = false
target_position = Vector3(0, -5000, 0)
collision_mask = 17
debug_shape_thickness = 4

[node name="RayCast3D_R3_3" type="RayCast3D" parent="raycasts/U8" index="12"]
transform = Transform3D(-4.24314e-08, 0.970717, -0.240228, -1, -4.37114e-08, 0, -1.05007e-08, 0.240228, 0.970717, 0, 0, 0)
enabled = false
target_position = Vector3(0, -5000, 0)
collision_mask = 17
debug_shape_thickness = 4

[node name="RayCast3D_R4" type="RayCast3D" parent="raycasts/U8" index="13"]
transform = Transform3D(-4.10753e-08, 0.939692, -0.34202, -1, -4.37114e-08, 0, -1.49502e-08, 0.34202, 0.939692, 0, 0, 0)
enabled = false
target_position = Vector3(0, -5000, 0)
collision_mask = 17
debug_shape_thickness = 4

[node name="RayCast3D_R4_1" type="RayCast3D" parent="raycasts/U8" index="14"]
transform = Transform3D(-4.19544e-08, 0.959805, -0.280667, -1, -4.37114e-08, 0, -1.22683e-08, 0.280667, 0.959805, 0, 0, 0)
enabled = false
target_position = Vector3(0, -5000, 0)
collision_mask = 17
debug_shape_thickness = 4

[node name="RayCast3D_R4_2" type="RayCast3D" parent="raycasts/U8" index="15"]
transform = Transform3D(-4.16653e-08, 0.95319, -0.30237, -1, -4.37114e-08, 0, -1.3217e-08, 0.30237, 0.95319, 0, 0, 0)
enabled = false
target_position = Vector3(0, -5000, 0)
collision_mask = 17
debug_shape_thickness = 4

[node name="RayCast3D_R4_3" type="RayCast3D" parent="raycasts/U8" index="16"]
transform = Transform3D(-4.13547e-08, 0.946085, -0.323917, -1, -4.37114e-08, 0, -1.41589e-08, 0.323917, 0.946085, 0, 0, 0)
enabled = false
target_position = Vector3(0, -5000, 0)
collision_mask = 17
debug_shape_thickness = 4

[node name="RayCast3D_R5" type="RayCast3D" parent="raycasts/U8" index="17"]
transform = Transform3D(-3.9616e-08, 0.906308, -0.422618, -1, -4.37114e-08, 0, -1.84732e-08, 0.422618, 0.906308, 0, 0, 0)
enabled = false
target_position = Vector3(0, -5000, 0)
collision_mask = 17
debug_shape_thickness = 4

[node name="RayCast3D_R5_1" type="RayCast3D" parent="raycasts/U8" index="18"]
transform = Transform3D(-4.03841e-08, 0.92388, -0.382684, -1, -4.37114e-08, 0, -1.67276e-08, 0.382684, 0.92388, 0, 0, 0)
enabled = false
target_position = Vector3(0, -5000, 0)
collision_mask = 17
debug_shape_thickness = 4

[node name="RayCast3D_R6" type="RayCast3D" parent="raycasts/U8" index="19"]
transform = Transform3D(-3.78552e-08, 0.866025, -0.5, -1, -4.37114e-08, 0, -2.18557e-08, 0.5, 0.866025, 0, 0, 0)
enabled = false
target_position = Vector3(0, -5000, 0)
collision_mask = 17
debug_shape_thickness = 4

[node name="RayCast3D_R6_!" type="RayCast3D" parent="raycasts/U8" index="20"]
transform = Transform3D(-3.87725e-08, 0.88701, -0.461748, -1, -4.37114e-08, 0, -2.01837e-08, 0.461748, 0.88701, 0, 0, 0)
enabled = false
target_position = Vector3(0, -5000, 0)
collision_mask = 17
debug_shape_thickness = 4

[node name="RayCast3D6_L1" type="RayCast3D" parent="raycasts/U8" index="21"]
transform = Transform3D(-4.35451e-08, 0.996195, 0.0871557, -1, -4.37114e-08, 0, 3.8097e-09, -0.0871557, 0.996195, 0, 0, 0)
enabled = false
target_position = Vector3(0, -5000, 0)
collision_mask = 17
debug_shape_thickness = 4

[node name="RayCast3D6_L1_1" type="RayCast3D" parent="raycasts/U8" index="22"]
transform = Transform3D(-4.37001e-08, 0.999743, 0.0226873, -1, -4.37114e-08, 0, 9.91695e-10, -0.0226873, 0.999743, 0, 0, 0)
enabled = false
target_position = Vector3(0, -5000, 0)
collision_mask = 17
debug_shape_thickness = 4

[node name="RayCast3D6_L1_2" type="RayCast3D" parent="raycasts/U8" index="23"]
transform = Transform3D(-4.36664e-08, 0.998971, 0.045363, -1, -4.37114e-08, 0, 1.98288e-09, -0.045363, 0.998971, 0, 0, 0)
enabled = false
target_position = Vector3(0, -5000, 0)
collision_mask = 17
debug_shape_thickness = 4

[node name="RayCast3D6_L1_3" type="RayCast3D" parent="raycasts/U8" index="24"]
transform = Transform3D(-4.36102e-08, 0.997685, 0.0680153, -1, -4.37114e-08, 0, 2.97304e-09, -0.0680153, 0.997685, 0, 0, 0)
enabled = false
target_position = Vector3(0, -5000, 0)
collision_mask = 17
debug_shape_thickness = 4

[node name="RayCast3D6_L2" type="RayCast3D" parent="raycasts/U8" index="25"]
transform = Transform3D(-4.30473e-08, 0.984808, 0.173648, -1, -4.37114e-08, 0, 7.5904e-09, -0.173648, 0.984808, 0, 0, 0)
enabled = false
target_position = Vector3(0, -5000, 0)
collision_mask = 17
debug_shape_thickness = 4

[node name="RayCast3D6_L2_1" type="RayCast3D" parent="raycasts/U8" index="26"]
transform = Transform3D(-4.34474e-08, 0.993961, 0.109734, -1, -4.37114e-08, 0, 4.79664e-09, -0.109734, 0.993961, 0, 0, 0)
enabled = false
target_position = Vector3(0, -5000, 0)
collision_mask = 17
debug_shape_thickness = 4

[node name="RayCast3D6_L2_2" type="RayCast3D" parent="raycasts/U8" index="27"]
transform = Transform3D(-4.33274e-08, 0.991216, 0.132256, -1, -4.37114e-08, 0, 5.78111e-09, -0.132256, 0.991216, 0, 0, 0)
enabled = false
target_position = Vector3(0, -5000, 0)
collision_mask = 17
debug_shape_thickness = 4

[node name="RayCast3D6_L2_3" type="RayCast3D" parent="raycasts/U8" index="28"]
transform = Transform3D(-4.31851e-08, 0.98796, 0.15471, -1, -4.37114e-08, 0, 6.76261e-09, -0.15471, 0.98796, 0, 0, 0)
enabled = false
target_position = Vector3(0, -5000, 0)
collision_mask = 17
debug_shape_thickness = 4

[node name="RayCast3D6_L3" type="RayCast3D" parent="raycasts/U8" index="29"]
transform = Transform3D(-4.2222e-08, 0.965926, 0.258819, -1, -4.37114e-08, 0, 1.13133e-08, -0.258819, 0.965926, 0, 0, 0)
enabled = false
target_position = Vector3(0, -5000, 0)
collision_mask = 17
debug_shape_thickness = 4

[node name="RayCast3D6_L3_1" type="RayCast3D" parent="raycasts/U8" index="30"]
transform = Transform3D(-4.2864e-08, 0.980615, 0.195946, -1, -4.37114e-08, 0, 8.56508e-09, -0.195946, 0.980615, 0, 0, 0)
enabled = false
target_position = Vector3(0, -5000, 0)
collision_mask = 17
debug_shape_thickness = 4

[node name="RayCast3D6_L3_2" type="RayCast3D" parent="raycasts/U8" index="31"]
transform = Transform3D(-4.26587e-08, 0.975917, 0.218143, -1, -4.37114e-08, 0, 9.53534e-09, -0.218143, 0.975917, 0, 0, 0)
enabled = false
target_position = Vector3(0, -5000, 0)
collision_mask = 17
debug_shape_thickness = 4

[node name="RayCast3D6_L3_3" type="RayCast3D" parent="raycasts/U8" index="32"]
transform = Transform3D(-4.24314e-08, 0.970717, 0.240228, -1, -4.37114e-08, 0, 1.05007e-08, -0.240228, 0.970717, 0, 0, 0)
enabled = false
target_position = Vector3(0, -5000, 0)
collision_mask = 17
debug_shape_thickness = 4

[node name="RayCast3D6_L4" type="RayCast3D" parent="raycasts/U8" index="33"]
transform = Transform3D(-4.10753e-08, 0.939692, 0.34202, -1, -4.37114e-08, 0, 1.49502e-08, -0.34202, 0.939692, 0, 0, 0)
enabled = false
target_position = Vector3(0, -5000, 0)
collision_mask = 17
debug_shape_thickness = 4

[node name="RayCast3D6_L4_1" type="RayCast3D" parent="raycasts/U8" index="34"]
transform = Transform3D(-4.19544e-08, 0.959805, 0.280667, -1, -4.37114e-08, 0, 1.22683e-08, -0.280667, 0.959805, 0, 0, 0)
enabled = false
target_position = Vector3(0, -5000, 0)
collision_mask = 17
debug_shape_thickness = 4

[node name="RayCast3D6_L4_2" type="RayCast3D" parent="raycasts/U8" index="35"]
transform = Transform3D(-4.16653e-08, 0.95319, 0.30237, -1, -4.37114e-08, 0, 1.3217e-08, -0.30237, 0.95319, 0, 0, 0)
enabled = false
target_position = Vector3(0, -5000, 0)
collision_mask = 17
debug_shape_thickness = 4

[node name="RayCast3D6_L4_3" type="RayCast3D" parent="raycasts/U8" index="36"]
transform = Transform3D(-4.13547e-08, 0.946085, 0.323917, -1, -4.37114e-08, 0, 1.41589e-08, -0.323917, 0.946085, 0, 0, 0)
enabled = false
target_position = Vector3(0, -5000, 0)
collision_mask = 17
debug_shape_thickness = 4

[node name="RayCast3D6_L5" type="RayCast3D" parent="raycasts/U8" index="37"]
transform = Transform3D(-3.9616e-08, 0.906307, 0.422618, -1, -4.37114e-08, 0, 1.84732e-08, -0.422618, 0.906307, 0, 0, 0)
enabled = false
target_position = Vector3(0, -5000, 0)
collision_mask = 17
debug_shape_thickness = 4

[node name="RayCast3D6_L5_1" type="RayCast3D" parent="raycasts/U8" index="38"]
transform = Transform3D(-4.03841e-08, 0.923879, 0.382683, -1, -4.37114e-08, 0, 1.67276e-08, -0.382683, 0.923879, 0, 0, 0)
enabled = false
target_position = Vector3(0, -5000, 0)
collision_mask = 17
debug_shape_thickness = 4

[node name="RayCast3D6_L6" type="RayCast3D" parent="raycasts/U8" index="39"]
transform = Transform3D(-3.78552e-08, 0.866025, 0.5, -1, -4.37114e-08, 0, 2.18557e-08, -0.5, 0.866025, 0, 0, 0)
enabled = false
target_position = Vector3(0, -5000, 0)
collision_mask = 17
debug_shape_thickness = 4

[node name="RayCast3D6_L6_1" type="RayCast3D" parent="raycasts/U8" index="40"]
transform = Transform3D(-3.87725e-08, 0.88701, 0.461748, -1, -4.37114e-08, 0, 2.01837e-08, -0.461748, 0.88701, 0, 0, 0)
enabled = false
target_position = Vector3(0, -5000, 0)
collision_mask = 17
debug_shape_thickness = 4

[node name="U7" type="Node3D" parent="raycasts" index="1"]
transform = Transform3D(0.983255, 0.182236, 0, -0.182236, 0.983255, 0, 0, 0, 1, 0, 0, 0)

[node name="RayCast3D_C" type="RayCast3D" parent="raycasts/U7" index="0"]
transform = Transform3D(-4.37114e-08, 1, -1.77636e-14, -1, -4.37114e-08, 0, -6.35275e-22, 1.77636e-14, 1, 0, 0, 0)
enabled = false
target_position = Vector3(0, -5000, 0)
collision_mask = 17
debug_shape_thickness = 4

[node name="RayCast3D_R1" type="RayCast3D" parent="raycasts/U7" index="1"]
transform = Transform3D(-4.35451e-08, 0.996195, -0.0871557, -1, -4.37114e-08, 0, -3.8097e-09, 0.0871557, 0.996195, 0, 0, 0)
enabled = false
target_position = Vector3(0, -5000, 0)
collision_mask = 17
debug_shape_thickness = 4

[node name="RayCast3D_R1_1" type="RayCast3D" parent="raycasts/U7" index="2"]
transform = Transform3D(-4.37001e-08, 0.999743, -0.0226873, -1, -4.37114e-08, 0, -9.91695e-10, 0.0226873, 0.999743, 0, 0, 0)
enabled = false
target_position = Vector3(0, -5000, 0)
collision_mask = 17
debug_shape_thickness = 4

[node name="RayCast3D_R1_2" type="RayCast3D" parent="raycasts/U7" index="3"]
transform = Transform3D(-4.36664e-08, 0.998971, -0.045363, -1, -4.37114e-08, 0, -1.98288e-09, 0.045363, 0.998971, 0, 0, 0)
enabled = false
target_position = Vector3(0, -5000, 0)
collision_mask = 17
debug_shape_thickness = 4

[node name="RayCast3D_R1_3" type="RayCast3D" parent="raycasts/U7" index="4"]
transform = Transform3D(-4.36102e-08, 0.997685, -0.0680153, -1, -4.37114e-08, 0, -2.97304e-09, 0.0680153, 0.997685, 0, 0, 0)
enabled = false
target_position = Vector3(0, -5000, 0)
collision_mask = 17
debug_shape_thickness = 4

[node name="RayCast3D_R2" type="RayCast3D" parent="raycasts/U7" index="5"]
transform = Transform3D(-4.30473e-08, 0.984808, -0.173648, -1, -4.37114e-08, 0, -7.5904e-09, 0.173648, 0.984808, 0, 0, 0)
enabled = false
target_position = Vector3(0, -5000, 0)
collision_mask = 17
debug_shape_thickness = 4

[node name="RayCast3D_R2_1" type="RayCast3D" parent="raycasts/U7" index="6"]
transform = Transform3D(-4.34474e-08, 0.993961, -0.109734, -1, -4.37114e-08, 0, -4.79664e-09, 0.109734, 0.993961, 0, 0, 0)
enabled = false
target_position = Vector3(0, -5000, 0)
collision_mask = 17
debug_shape_thickness = 4

[node name="RayCast3D_R2_2" type="RayCast3D" parent="raycasts/U7" index="7"]
transform = Transform3D(-4.33274e-08, 0.991216, -0.132256, -1, -4.37114e-08, 0, -5.78111e-09, 0.132256, 0.991216, 0, 0, 0)
enabled = false
target_position = Vector3(0, -5000, 0)
collision_mask = 17
debug_shape_thickness = 4

[node name="RayCast3D_R2_3" type="RayCast3D" parent="raycasts/U7" index="8"]
transform = Transform3D(-4.31851e-08, 0.98796, -0.15471, -1, -4.37114e-08, 0, -6.76261e-09, 0.15471, 0.98796, 0, 0, 0)
enabled = false
target_position = Vector3(0, -5000, 0)
collision_mask = 17
debug_shape_thickness = 4

[node name="RayCast3D_R3" type="RayCast3D" parent="raycasts/U7" index="9"]
transform = Transform3D(-4.2222e-08, 0.965926, -0.258819, -1, -4.37114e-08, 0, -1.13133e-08, 0.258819, 0.965926, 0, 0, 0)
enabled = false
target_position = Vector3(0, -5000, 0)
collision_mask = 17
debug_shape_thickness = 4

[node name="RayCast3D_R3_1" type="RayCast3D" parent="raycasts/U7" index="10"]
transform = Transform3D(-4.2864e-08, 0.980615, -0.195946, -1, -4.37114e-08, 0, -8.56508e-09, 0.195946, 0.980615, 0, 0, 0)
enabled = false
target_position = Vector3(0, -5000, 0)
collision_mask = 17
debug_shape_thickness = 4

[node name="RayCast3D_R3_2" type="RayCast3D" parent="raycasts/U7" index="11"]
transform = Transform3D(-4.26587e-08, 0.975917, -0.218143, -1, -4.37114e-08, 0, -9.53534e-09, 0.218143, 0.975917, 0, 0, 0)
enabled = false
target_position = Vector3(0, -5000, 0)
collision_mask = 17
debug_shape_thickness = 4

[node name="RayCast3D_R3_3" type="RayCast3D" parent="raycasts/U7" index="12"]
transform = Transform3D(-4.24314e-08, 0.970717, -0.240228, -1, -4.37114e-08, 0, -1.05007e-08, 0.240228, 0.970717, 0, 0, 0)
enabled = false
target_position = Vector3(0, -5000, 0)
collision_mask = 17
debug_shape_thickness = 4

[node name="RayCast3D_R4" type="RayCast3D" parent="raycasts/U7" index="13"]
transform = Transform3D(-4.10753e-08, 0.939692, -0.34202, -1, -4.37114e-08, 0, -1.49502e-08, 0.34202, 0.939692, 0, 0, 0)
enabled = false
target_position = Vector3(0, -5000, 0)
collision_mask = 17
debug_shape_thickness = 4

[node name="RayCast3D_R4_1" type="RayCast3D" parent="raycasts/U7" index="14"]
transform = Transform3D(-4.19544e-08, 0.959805, -0.280667, -1, -4.37114e-08, 0, -1.22683e-08, 0.280667, 0.959805, 0, 0, 0)
enabled = false
target_position = Vector3(0, -5000, 0)
collision_mask = 17
debug_shape_thickness = 4

[node name="RayCast3D_R4_2" type="RayCast3D" parent="raycasts/U7" index="15"]
transform = Transform3D(-4.16653e-08, 0.95319, -0.30237, -1, -4.37114e-08, 0, -1.3217e-08, 0.30237, 0.95319, 0, 0, 0)
enabled = false
target_position = Vector3(0, -5000, 0)
collision_mask = 17
debug_shape_thickness = 4

[node name="RayCast3D_R4_3" type="RayCast3D" parent="raycasts/U7" index="16"]
transform = Transform3D(-4.13547e-08, 0.946085, -0.323917, -1, -4.37114e-08, 0, -1.41589e-08, 0.323917, 0.946085, 0, 0, 0)
enabled = false
target_position = Vector3(0, -5000, 0)
collision_mask = 17
debug_shape_thickness = 4

[node name="RayCast3D_R5" type="RayCast3D" parent="raycasts/U7" index="17"]
transform = Transform3D(-3.9616e-08, 0.906308, -0.422618, -1, -4.37114e-08, 0, -1.84732e-08, 0.422618, 0.906308, 0, 0, 0)
enabled = false
target_position = Vector3(0, -5000, 0)
collision_mask = 17
debug_shape_thickness = 4

[node name="RayCast3D_R5_1" type="RayCast3D" parent="raycasts/U7" index="18"]
transform = Transform3D(-4.03841e-08, 0.92388, -0.382684, -1, -4.37114e-08, 0, -1.67276e-08, 0.382684, 0.92388, 0, 0, 0)
enabled = false
target_position = Vector3(0, -5000, 0)
collision_mask = 17
debug_shape_thickness = 4

[node name="RayCast3D_R6" type="RayCast3D" parent="raycasts/U7" index="19"]
transform = Transform3D(-3.78552e-08, 0.866025, -0.5, -1, -4.37114e-08, 0, -2.18557e-08, 0.5, 0.866025, 0, 0, 0)
enabled = false
target_position = Vector3(0, -5000, 0)
collision_mask = 17
debug_shape_thickness = 4

[node name="RayCast3D_R6_!" type="RayCast3D" parent="raycasts/U7" index="20"]
transform = Transform3D(-3.87725e-08, 0.88701, -0.461748, -1, -4.37114e-08, 0, -2.01837e-08, 0.461748, 0.88701, 0, 0, 0)
enabled = false
target_position = Vector3(0, -5000, 0)
collision_mask = 17
debug_shape_thickness = 4

[node name="RayCast3D6_L1" type="RayCast3D" parent="raycasts/U7" index="21"]
transform = Transform3D(-4.35451e-08, 0.996195, 0.0871557, -1, -4.37114e-08, 0, 3.8097e-09, -0.0871557, 0.996195, 0, 0, 0)
enabled = false
target_position = Vector3(0, -5000, 0)
collision_mask = 17
debug_shape_thickness = 4

[node name="RayCast3D6_L1_1" type="RayCast3D" parent="raycasts/U7" index="22"]
transform = Transform3D(-4.37001e-08, 0.999743, 0.0226873, -1, -4.37114e-08, 0, 9.91695e-10, -0.0226873, 0.999743, 0, 0, 0)
enabled = false
target_position = Vector3(0, -5000, 0)
collision_mask = 17
debug_shape_thickness = 4

[node name="RayCast3D6_L1_2" type="RayCast3D" parent="raycasts/U7" index="23"]
transform = Transform3D(-4.36664e-08, 0.998971, 0.045363, -1, -4.37114e-08, 0, 1.98288e-09, -0.045363, 0.998971, 0, 0, 0)
enabled = false
target_position = Vector3(0, -5000, 0)
collision_mask = 17
debug_shape_thickness = 4

[node name="RayCast3D6_L1_3" type="RayCast3D" parent="raycasts/U7" index="24"]
transform = Transform3D(-4.36102e-08, 0.997685, 0.0680153, -1, -4.37114e-08, 0, 2.97304e-09, -0.0680153, 0.997685, 0, 0, 0)
enabled = false
target_position = Vector3(0, -5000, 0)
collision_mask = 17
debug_shape_thickness = 4

[node name="RayCast3D6_L2" type="RayCast3D" parent="raycasts/U7" index="25"]
transform = Transform3D(-4.30473e-08, 0.984808, 0.173648, -1, -4.37114e-08, 0, 7.5904e-09, -0.173648, 0.984808, 0, 0, 0)
enabled = false
target_position = Vector3(0, -5000, 0)
collision_mask = 17
debug_shape_thickness = 4

[node name="RayCast3D6_L2_1" type="RayCast3D" parent="raycasts/U7" index="26"]
transform = Transform3D(-4.34474e-08, 0.993961, 0.109734, -1, -4.37114e-08, 0, 4.79664e-09, -0.109734, 0.993961, 0, 0, 0)
enabled = false
target_position = Vector3(0, -5000, 0)
collision_mask = 17
debug_shape_thickness = 4

[node name="RayCast3D6_L2_2" type="RayCast3D" parent="raycasts/U7" index="27"]
transform = Transform3D(-4.33274e-08, 0.991216, 0.132256, -1, -4.37114e-08, 0, 5.78111e-09, -0.132256, 0.991216, 0, 0, 0)
enabled = false
target_position = Vector3(0, -5000, 0)
collision_mask = 17
debug_shape_thickness = 4

[node name="RayCast3D6_L2_3" type="RayCast3D" parent="raycasts/U7" index="28"]
transform = Transform3D(-4.31851e-08, 0.98796, 0.15471, -1, -4.37114e-08, 0, 6.76261e-09, -0.15471, 0.98796, 0, 0, 0)
enabled = false
target_position = Vector3(0, -5000, 0)
collision_mask = 17
debug_shape_thickness = 4

[node name="RayCast3D6_L3" type="RayCast3D" parent="raycasts/U7" index="29"]
transform = Transform3D(-4.2222e-08, 0.965926, 0.258819, -1, -4.37114e-08, 0, 1.13133e-08, -0.258819, 0.965926, 0, 0, 0)
enabled = false
target_position = Vector3(0, -5000, 0)
collision_mask = 17
debug_shape_thickness = 4

[node name="RayCast3D6_L3_1" type="RayCast3D" parent="raycasts/U7" index="30"]
transform = Transform3D(-4.2864e-08, 0.980615, 0.195946, -1, -4.37114e-08, 0, 8.56508e-09, -0.195946, 0.980615, 0, 0, 0)
enabled = false
target_position = Vector3(0, -5000, 0)
collision_mask = 17
debug_shape_thickness = 4

[node name="RayCast3D6_L3_2" type="RayCast3D" parent="raycasts/U7" index="31"]
transform = Transform3D(-4.26587e-08, 0.975917, 0.218143, -1, -4.37114e-08, 0, 9.53534e-09, -0.218143, 0.975917, 0, 0, 0)
enabled = false
target_position = Vector3(0, -5000, 0)
collision_mask = 17
debug_shape_thickness = 4

[node name="RayCast3D6_L3_3" type="RayCast3D" parent="raycasts/U7" index="32"]
transform = Transform3D(-4.24314e-08, 0.970717, 0.240228, -1, -4.37114e-08, 0, 1.05007e-08, -0.240228, 0.970717, 0, 0, 0)
enabled = false
target_position = Vector3(0, -5000, 0)
collision_mask = 17
debug_shape_thickness = 4

[node name="RayCast3D6_L4" type="RayCast3D" parent="raycasts/U7" index="33"]
transform = Transform3D(-4.10753e-08, 0.939692, 0.34202, -1, -4.37114e-08, 0, 1.49502e-08, -0.34202, 0.939692, 0, 0, 0)
enabled = false
target_position = Vector3(0, -5000, 0)
collision_mask = 17
debug_shape_thickness = 4

[node name="RayCast3D6_L4_1" type="RayCast3D" parent="raycasts/U7" index="34"]
transform = Transform3D(-4.19544e-08, 0.959805, 0.280667, -1, -4.37114e-08, 0, 1.22683e-08, -0.280667, 0.959805, 0, 0, 0)
enabled = false
target_position = Vector3(0, -5000, 0)
collision_mask = 17
debug_shape_thickness = 4

[node name="RayCast3D6_L4_2" type="RayCast3D" parent="raycasts/U7" index="35"]
transform = Transform3D(-4.16653e-08, 0.95319, 0.30237, -1, -4.37114e-08, 0, 1.3217e-08, -0.30237, 0.95319, 0, 0, 0)
enabled = false
target_position = Vector3(0, -5000, 0)
collision_mask = 17
debug_shape_thickness = 4

[node name="RayCast3D6_L4_3" type="RayCast3D" parent="raycasts/U7" index="36"]
transform = Transform3D(-4.13547e-08, 0.946085, 0.323917, -1, -4.37114e-08, 0, 1.41589e-08, -0.323917, 0.946085, 0, 0, 0)
enabled = false
target_position = Vector3(0, -5000, 0)
collision_mask = 17
debug_shape_thickness = 4

[node name="RayCast3D6_L5" type="RayCast3D" parent="raycasts/U7" index="37"]
transform = Transform3D(-3.9616e-08, 0.906307, 0.422618, -1, -4.37114e-08, 0, 1.84732e-08, -0.422618, 0.906307, 0, 0, 0)
enabled = false
target_position = Vector3(0, -5000, 0)
collision_mask = 17
debug_shape_thickness = 4

[node name="RayCast3D6_L5_1" type="RayCast3D" parent="raycasts/U7" index="38"]
transform = Transform3D(-4.03841e-08, 0.923879, 0.382683, -1, -4.37114e-08, 0, 1.67276e-08, -0.382683, 0.923879, 0, 0, 0)
enabled = false
target_position = Vector3(0, -5000, 0)
collision_mask = 17
debug_shape_thickness = 4

[node name="RayCast3D6_L6" type="RayCast3D" parent="raycasts/U7" index="39"]
transform = Transform3D(-3.78552e-08, 0.866025, 0.5, -1, -4.37114e-08, 0, 2.18557e-08, -0.5, 0.866025, 0, 0, 0)
enabled = false
target_position = Vector3(0, -5000, 0)
collision_mask = 17
debug_shape_thickness = 4

[node name="RayCast3D6_L6_1" type="RayCast3D" parent="raycasts/U7" index="40"]
transform = Transform3D(-3.87725e-08, 0.88701, 0.461748, -1, -4.37114e-08, 0, 2.01837e-08, -0.461748, 0.88701, 0, 0, 0)
enabled = false
target_position = Vector3(0, -5000, 0)
collision_mask = 17
debug_shape_thickness = 4

[node name="U6" type="Node3D" parent="raycasts" index="2"]
transform = Transform3D(0.987688, 0.156434, 0, -0.156434, 0.987688, 0, 0, 0, 1, 0, 0, 0)

[node name="RayCast3D_C" type="RayCast3D" parent="raycasts/U6" index="0"]
transform = Transform3D(-4.37114e-08, 1, -1.77636e-14, -1, -4.37114e-08, 0, -6.35275e-22, 1.77636e-14, 1, 0, 0, 0)
enabled = false
target_position = Vector3(0, -5000, 0)
collision_mask = 17
debug_shape_thickness = 4

[node name="RayCast3D_R1" type="RayCast3D" parent="raycasts/U6" index="1"]
transform = Transform3D(-4.35451e-08, 0.996195, -0.0871557, -1, -4.37114e-08, 0, -3.8097e-09, 0.0871557, 0.996195, 0, 0, 0)
enabled = false
target_position = Vector3(0, -5000, 0)
collision_mask = 17
debug_shape_thickness = 4

[node name="RayCast3D_R1_1" type="RayCast3D" parent="raycasts/U6" index="2"]
transform = Transform3D(-4.37001e-08, 0.999743, -0.0226873, -1, -4.37114e-08, 0, -9.91695e-10, 0.0226873, 0.999743, 0, 0, 0)
enabled = false
target_position = Vector3(0, -5000, 0)
collision_mask = 17
debug_shape_thickness = 4

[node name="RayCast3D_R1_2" type="RayCast3D" parent="raycasts/U6" index="3"]
transform = Transform3D(-4.36664e-08, 0.998971, -0.045363, -1, -4.37114e-08, 0, -1.98288e-09, 0.045363, 0.998971, 0, 0, 0)
enabled = false
target_position = Vector3(0, -5000, 0)
collision_mask = 17
debug_shape_thickness = 4

[node name="RayCast3D_R1_3" type="RayCast3D" parent="raycasts/U6" index="4"]
transform = Transform3D(-4.36102e-08, 0.997685, -0.0680153, -1, -4.37114e-08, 0, -2.97304e-09, 0.0680153, 0.997685, 0, 0, 0)
enabled = false
target_position = Vector3(0, -5000, 0)
collision_mask = 17
debug_shape_thickness = 4

[node name="RayCast3D_R2" type="RayCast3D" parent="raycasts/U6" index="5"]
transform = Transform3D(-4.30473e-08, 0.984808, -0.173648, -1, -4.37114e-08, 0, -7.5904e-09, 0.173648, 0.984808, 0, 0, 0)
enabled = false
target_position = Vector3(0, -5000, 0)
collision_mask = 17
debug_shape_thickness = 4

[node name="RayCast3D_R2_1" type="RayCast3D" parent="raycasts/U6" index="6"]
transform = Transform3D(-4.34474e-08, 0.993961, -0.109734, -1, -4.37114e-08, 0, -4.79664e-09, 0.109734, 0.993961, 0, 0, 0)
enabled = false
target_position = Vector3(0, -5000, 0)
collision_mask = 17
debug_shape_thickness = 4

[node name="RayCast3D_R2_2" type="RayCast3D" parent="raycasts/U6" index="7"]
transform = Transform3D(-4.33274e-08, 0.991216, -0.132256, -1, -4.37114e-08, 0, -5.78111e-09, 0.132256, 0.991216, 0, 0, 0)
enabled = false
target_position = Vector3(0, -5000, 0)
collision_mask = 17
debug_shape_thickness = 4

[node name="RayCast3D_R2_3" type="RayCast3D" parent="raycasts/U6" index="8"]
transform = Transform3D(-4.31851e-08, 0.98796, -0.15471, -1, -4.37114e-08, 0, -6.76261e-09, 0.15471, 0.98796, 0, 0, 0)
enabled = false
target_position = Vector3(0, -5000, 0)
collision_mask = 17
debug_shape_thickness = 4

[node name="RayCast3D_R3" type="RayCast3D" parent="raycasts/U6" index="9"]
transform = Transform3D(-4.2222e-08, 0.965926, -0.258819, -1, -4.37114e-08, 0, -1.13133e-08, 0.258819, 0.965926, 0, 0, 0)
enabled = false
target_position = Vector3(0, -5000, 0)
collision_mask = 17
debug_shape_thickness = 4

[node name="RayCast3D_R3_1" type="RayCast3D" parent="raycasts/U6" index="10"]
transform = Transform3D(-4.2864e-08, 0.980615, -0.195946, -1, -4.37114e-08, 0, -8.56508e-09, 0.195946, 0.980615, 0, 0, 0)
enabled = false
target_position = Vector3(0, -5000, 0)
collision_mask = 17
debug_shape_thickness = 4

[node name="RayCast3D_R3_2" type="RayCast3D" parent="raycasts/U6" index="11"]
transform = Transform3D(-4.26587e-08, 0.975917, -0.218143, -1, -4.37114e-08, 0, -9.53534e-09, 0.218143, 0.975917, 0, 0, 0)
enabled = false
target_position = Vector3(0, -5000, 0)
collision_mask = 17
debug_shape_thickness = 4

[node name="RayCast3D_R3_3" type="RayCast3D" parent="raycasts/U6" index="12"]
transform = Transform3D(-4.24314e-08, 0.970717, -0.240228, -1, -4.37114e-08, 0, -1.05007e-08, 0.240228, 0.970717, 0, 0, 0)
enabled = false
target_position = Vector3(0, -5000, 0)
collision_mask = 17
debug_shape_thickness = 4

[node name="RayCast3D_R4" type="RayCast3D" parent="raycasts/U6" index="13"]
transform = Transform3D(-4.10753e-08, 0.939692, -0.34202, -1, -4.37114e-08, 0, -1.49502e-08, 0.34202, 0.939692, 0, 0, 0)
enabled = false
target_position = Vector3(0, -5000, 0)
collision_mask = 17
debug_shape_thickness = 4

[node name="RayCast3D_R4_1" type="RayCast3D" parent="raycasts/U6" index="14"]
transform = Transform3D(-4.19544e-08, 0.959805, -0.280667, -1, -4.37114e-08, 0, -1.22683e-08, 0.280667, 0.959805, 0, 0, 0)
enabled = false
target_position = Vector3(0, -5000, 0)
collision_mask = 17
debug_shape_thickness = 4

[node name="RayCast3D_R4_2" type="RayCast3D" parent="raycasts/U6" index="15"]
transform = Transform3D(-4.16653e-08, 0.95319, -0.30237, -1, -4.37114e-08, 0, -1.3217e-08, 0.30237, 0.95319, 0, 0, 0)
enabled = false
target_position = Vector3(0, -5000, 0)
collision_mask = 17
debug_shape_thickness = 4

[node name="RayCast3D_R4_3" type="RayCast3D" parent="raycasts/U6" index="16"]
transform = Transform3D(-4.13547e-08, 0.946085, -0.323917, -1, -4.37114e-08, 0, -1.41589e-08, 0.323917, 0.946085, 0, 0, 0)
enabled = false
target_position = Vector3(0, -5000, 0)
collision_mask = 17
debug_shape_thickness = 4

[node name="RayCast3D_R5" type="RayCast3D" parent="raycasts/U6" index="17"]
transform = Transform3D(-3.9616e-08, 0.906308, -0.422618, -1, -4.37114e-08, 0, -1.84732e-08, 0.422618, 0.906308, 0, 0, 0)
enabled = false
target_position = Vector3(0, -5000, 0)
collision_mask = 17
debug_shape_thickness = 4

[node name="RayCast3D_R5_1" type="RayCast3D" parent="raycasts/U6" index="18"]
transform = Transform3D(-4.03841e-08, 0.92388, -0.382684, -1, -4.37114e-08, 0, -1.67276e-08, 0.382684, 0.92388, 0, 0, 0)
enabled = false
target_position = Vector3(0, -5000, 0)
collision_mask = 17
debug_shape_thickness = 4

[node name="RayCast3D_R6" type="RayCast3D" parent="raycasts/U6" index="19"]
transform = Transform3D(-3.78552e-08, 0.866025, -0.5, -1, -4.37114e-08, 0, -2.18557e-08, 0.5, 0.866025, 0, 0, 0)
enabled = false
target_position = Vector3(0, -5000, 0)
collision_mask = 17
debug_shape_thickness = 4

[node name="RayCast3D_R6_!" type="RayCast3D" parent="raycasts/U6" index="20"]
transform = Transform3D(-3.87725e-08, 0.88701, -0.461748, -1, -4.37114e-08, 0, -2.01837e-08, 0.461748, 0.88701, 0, 0, 0)
enabled = false
target_position = Vector3(0, -5000, 0)
collision_mask = 17
debug_shape_thickness = 4

[node name="RayCast3D6_L1" type="RayCast3D" parent="raycasts/U6" index="21"]
transform = Transform3D(-4.35451e-08, 0.996195, 0.0871557, -1, -4.37114e-08, 0, 3.8097e-09, -0.0871557, 0.996195, 0, 0, 0)
enabled = false
target_position = Vector3(0, -5000, 0)
collision_mask = 17
debug_shape_thickness = 4

[node name="RayCast3D6_L1_1" type="RayCast3D" parent="raycasts/U6" index="22"]
transform = Transform3D(-4.37001e-08, 0.999743, 0.0226873, -1, -4.37114e-08, 0, 9.91695e-10, -0.0226873, 0.999743, 0, 0, 0)
enabled = false
target_position = Vector3(0, -5000, 0)
collision_mask = 17
debug_shape_thickness = 4

[node name="RayCast3D6_L1_2" type="RayCast3D" parent="raycasts/U6" index="23"]
transform = Transform3D(-4.36664e-08, 0.998971, 0.045363, -1, -4.37114e-08, 0, 1.98288e-09, -0.045363, 0.998971, 0, 0, 0)
enabled = false
target_position = Vector3(0, -5000, 0)
collision_mask = 17
debug_shape_thickness = 4

[node name="RayCast3D6_L1_3" type="RayCast3D" parent="raycasts/U6" index="24"]
transform = Transform3D(-4.36102e-08, 0.997685, 0.0680153, -1, -4.37114e-08, 0, 2.97304e-09, -0.0680153, 0.997685, 0, 0, 0)
enabled = false
target_position = Vector3(0, -5000, 0)
collision_mask = 17
debug_shape_thickness = 4

[node name="RayCast3D6_L2" type="RayCast3D" parent="raycasts/U6" index="25"]
transform = Transform3D(-4.30473e-08, 0.984808, 0.173648, -1, -4.37114e-08, 0, 7.5904e-09, -0.173648, 0.984808, 0, 0, 0)
enabled = false
target_position = Vector3(0, -5000, 0)
collision_mask = 17
debug_shape_thickness = 4

[node name="RayCast3D6_L2_1" type="RayCast3D" parent="raycasts/U6" index="26"]
transform = Transform3D(-4.34474e-08, 0.993961, 0.109734, -1, -4.37114e-08, 0, 4.79664e-09, -0.109734, 0.993961, 0, 0, 0)
enabled = false
target_position = Vector3(0, -5000, 0)
collision_mask = 17
debug_shape_thickness = 4

[node name="RayCast3D6_L2_2" type="RayCast3D" parent="raycasts/U6" index="27"]
transform = Transform3D(-4.33274e-08, 0.991216, 0.132256, -1, -4.37114e-08, 0, 5.78111e-09, -0.132256, 0.991216, 0, 0, 0)
enabled = false
target_position = Vector3(0, -5000, 0)
collision_mask = 17
debug_shape_thickness = 4

[node name="RayCast3D6_L2_3" type="RayCast3D" parent="raycasts/U6" index="28"]
transform = Transform3D(-4.31851e-08, 0.98796, 0.15471, -1, -4.37114e-08, 0, 6.76261e-09, -0.15471, 0.98796, 0, 0, 0)
enabled = false
target_position = Vector3(0, -5000, 0)
collision_mask = 17
debug_shape_thickness = 4

[node name="RayCast3D6_L3" type="RayCast3D" parent="raycasts/U6" index="29"]
transform = Transform3D(-4.2222e-08, 0.965926, 0.258819, -1, -4.37114e-08, 0, 1.13133e-08, -0.258819, 0.965926, 0, 0, 0)
enabled = false
target_position = Vector3(0, -5000, 0)
collision_mask = 17
debug_shape_thickness = 4

[node name="RayCast3D6_L3_1" type="RayCast3D" parent="raycasts/U6" index="30"]
transform = Transform3D(-4.2864e-08, 0.980615, 0.195946, -1, -4.37114e-08, 0, 8.56508e-09, -0.195946, 0.980615, 0, 0, 0)
enabled = false
target_position = Vector3(0, -5000, 0)
collision_mask = 17
debug_shape_thickness = 4

[node name="RayCast3D6_L3_2" type="RayCast3D" parent="raycasts/U6" index="31"]
transform = Transform3D(-4.26587e-08, 0.975917, 0.218143, -1, -4.37114e-08, 0, 9.53534e-09, -0.218143, 0.975917, 0, 0, 0)
enabled = false
target_position = Vector3(0, -5000, 0)
collision_mask = 17
debug_shape_thickness = 4

[node name="RayCast3D6_L3_3" type="RayCast3D" parent="raycasts/U6" index="32"]
transform = Transform3D(-4.24314e-08, 0.970717, 0.240228, -1, -4.37114e-08, 0, 1.05007e-08, -0.240228, 0.970717, 0, 0, 0)
enabled = false
target_position = Vector3(0, -5000, 0)
collision_mask = 17
debug_shape_thickness = 4

[node name="RayCast3D6_L4" type="RayCast3D" parent="raycasts/U6" index="33"]
transform = Transform3D(-4.10753e-08, 0.939692, 0.34202, -1, -4.37114e-08, 0, 1.49502e-08, -0.34202, 0.939692, 0, 0, 0)
enabled = false
target_position = Vector3(0, -5000, 0)
collision_mask = 17
debug_shape_thickness = 4

[node name="RayCast3D6_L4_1" type="RayCast3D" parent="raycasts/U6" index="34"]
transform = Transform3D(-4.19544e-08, 0.959805, 0.280667, -1, -4.37114e-08, 0, 1.22683e-08, -0.280667, 0.959805, 0, 0, 0)
enabled = false
target_position = Vector3(0, -5000, 0)
collision_mask = 17
debug_shape_thickness = 4

