[gd_scene load_steps=4 format=3 uid="uid://bwdoa3tdnag0v"]

[ext_resource type="PackedScene" uid="uid://d20e6omkpcdjc" path="res://Start_Level/circular_road/circular_road.glb" id="1_w8t8i"]
[ext_resource type="Script" path="res://Start_Level/circular_road/circular_road.gd" id="2_67mcl"]
[ext_resource type="PackedScene" uid="uid://31lrd7cjuf6x" path="res://environment/scenes/telepole.tscn" id="3_j5525"]

[node name="circular_road" instance=ExtResource("1_w8t8i")]
script = ExtResource("2_67mcl")

[node name="lightposts" type="Node3D" parent="." index="2245"]

[node name="TelephonePole" parent="lightposts" index="0" instance=ExtResource("3_j5525")]
transform = Transform3D(-4.37114e-08, 0, -1, 0, 1, 0, 1, 0, -4.37114e-08, 0, 0, 177.912)

[node name="TelephonePole8" parent="lightposts" index="1" instance=ExtResource("3_j5525")]
transform = Transform3D(-0.669234, 0, -0.743051, 0, 1, 0, 0.743051, 0, -0.669234, -123.301, 0, 127.942)

[node name="TelephonePole3" parent="lightposts" index="2" instance=ExtResource("3_j5525")]
transform = Transform3D(1.31134e-07, 0, 1, 0, 1, 0, -1, 0, 1.31134e-07, 0, 0, -178.033)

[node name="TelephonePole4" parent="lightposts" index="3" instance=ExtResource("3_j5525")]
transform = Transform3D(0.650496, 0, -0.75951, 0, 1, 0, 0.75951, 0, 0.650496, 124.813, 0, 126.907)

[node name="TelephonePole5" parent="lightposts" index="4" instance=ExtResource("3_j5525")]
transform = Transform3D(-0.650496, 0, 0.75951, 0, 1, 0, -0.75951, 0, -0.650496, -131.929, 0, -118.845)

[node name="TelephonePole2" parent="lightposts" index="5" instance=ExtResource("3_j5525")]
transform = Transform3D(1, 0, -3.55271e-15, 0, 1, 0, 3.55271e-15, 0, 1, 177.954, 0, 0)

[node name="TelephonePole6" parent="lightposts" index="6" instance=ExtResource("3_j5525")]
transform = Transform3D(-1, 0, 8.74228e-08, 0, 1, 0, -8.74228e-08, 0, -1, -178.04, 0, -0.0452986)

[node name="TelephonePole7" parent="lightposts" index="7" instance=ExtResource("3_j5525")]
transform = Transform3D(0.605294, 0, 0.796002, 0, 1, 0, -0.796002, 0, 0.605294, 123.743, -7.62939e-06, -127.648)
